8388607 1548781945 454222 0.950010 
8388607 1548781945 474260 0.950001 
8388607 1548781945 494300 0.950002 
8388607 1548781945 514330 0.950000 
8388607 1548781945 534401 0.950000 
8388607 1548781945 554427 0.949990 
8388607 1548781945 574457 0.950004 
8388607 1548781945 594508 0.950000 
8388607 1548781945 614524 0.949995 
8388607 1548781945 634580 0.950001 
8388607 1548781945 654636 0.950006 
8388607 1548781945 674641 0.950001 
8388607 1548781945 694692 0.950004 
8388607 1548781945 714740 0.950001 
8388607 1548781945 734751 0.950004 
8388607 1548781945 754832 0.950009 
8388607 1548781945 774865 0.950007 
8388607 1548781945 794865 0.950002 
8388607 1548781945 814912 0.950006 
8388607 1548781945 834979 0.949998 
8388607 1548781945 854973 0.950004 
8388607 1548781945 875025 0.950000 
8388607 1548781945 895047 0.949994 
8388607 1548781945 915135 0.950000 
8388607 1548781945 935135 0.950002 
8388607 1548781945 955194 0.949998 
8388607 1548781945 975201 0.950002 
8388607 1548781945 995270 0.950000 
8388607 1548781946 15311 0.949998 
8388607 1548781946 35343 0.949993 
8388607 1548781946 55412 0.950005 
8388607 1548781946 75405 0.949996 
8388607 1548781946 95448 0.950005 
8388607 1548781946 115527 0.949995 
8388607 1548781946 135529 0.950001 
8388607 1548781946 155568 0.949990 
8388607 1548781946 175581 0.950013 
8388607 1548781946 195664 0.949995 
8388607 1548781946 215686 0.949999 
8388607 1548781946 235714 0.950012 
8388607 1548781946 255948 0.949994 
8388607 1548781946 275793 0.949998 
8388607 1548781946 295867 0.950000 
8388607 1548781946 315859 0.950002 
8388607 1548781946 335902 0.950005 
8388607 1548781946 355934 0.949994 
8388607 1548781946 375967 0.950000 
8388607 1548781946 396008 0.949995 
8388607 1548781946 416069 0.949995 
8388607 1548781946 436080 0.950002 
8388607 1548781946 456146 0.950010 
8388607 1548781946 476204 0.950005 
8388607 1548781946 496213 0.949996 
8388607 1548781946 516291 0.950006 
8388607 1548781946 536318 0.950000 
8388607 1548781946 556315 0.950001 
8388607 1548781946 576366 0.949998 
8388607 1548781946 596393 0.950002 
8388607 1548781946 616456 0.950000 
8388607 1548781946 636510 0.950001 
8388607 1548781946 656509 0.950001 
8388607 1548781946 676586 0.949998 
8388607 1548781946 696582 0.949995 
8388607 1548781946 716644 0.950005 
8388607 1548781946 736682 0.950007 
8388607 1548781946 756691 0.950000 
8388607 1548781946 776761 0.950004 
8388607 1548781946 796793 0.950006 
8388607 1548781946 816807 0.949999 
8388607 1548781946 836875 0.950010 
8388607 1548781946 856886 0.950000 
8388607 1548781946 876952 0.950000 
8388607 1548781946 896972 0.950001 
8388607 1548781946 917016 0.950004 
8388607 1548781946 937010 0.949996 
8388607 1548781946 957100 0.950005 
8388607 1548781946 977110 0.950001 
8388607 1548781946 997126 0.949998 
8388607 1548781947 17188 0.950001 
8388607 1548781947 37207 0.949994 
8388607 1548781947 57294 0.950000 
8388607 1548781947 77328 0.949998 
8388607 1548781947 97331 0.950000 
8388607 1548781947 117359 0.949996 
8388607 1548781947 137424 0.949999 
8388607 1548781947 157510 0.949996 
8388607 1548781947 177526 0.949993 
8388607 1548781947 197555 0.950004 
8388607 1548781947 217582 0.950004 
8388607 1548781947 237654 0.950001 
8388607 1548781947 257662 0.949994 
8388607 1548781947 277703 0.949998 
8388607 1548781947 297748 0.950004 
8388607 1548781947 317781 0.950000 
8388607 1548781947 337844 0.949996 
8388607 1548781947 357856 0.949993 
8388607 1548781947 377879 0.950004 
8388607 1548781947 397909 0.950009 
8388607 1548781947 417980 0.950000 
8388607 1548781947 438019 0.950002 
8388607 1548781947 458025 0.950000 
8388607 1548781947 478088 0.949998 
8388607 1548781947 498135 0.949995 
8388607 1548781947 518136 0.950009 
8388607 1548781947 538203 0.950007 
8388607 1548781947 558260 0.949994 
8388607 1548781947 578260 0.949998 
8388607 1548781947 598341 0.950002 
8388607 1548781947 618368 0.949996 
8388607 1548781947 638428 0.950001 
8388607 1548781947 658428 0.950005 
8388607 1548781947 678462 0.949998 
8388607 1548781947 698571 0.949999 
8388607 1548781947 718559 0.949998 
8388607 1548781947 738579 0.949994 
8388607 1548781947 758626 0.950004 
8388607 1548781947 778685 0.949999 
8388607 1548781947 798729 0.950007 
8388607 1548781947 818743 0.950001 
8388607 1548781947 838800 0.949999 
8388607 1548781947 858851 0.949999 
8388607 1548781947 878857 0.949994 
8388607 1548781947 898881 0.949998 
8388607 1548781947 918969 0.949996 
8388607 1548781947 938995 0.950001 
8388607 1548781947 959020 0.950000 
8388607 1548781947 979089 0.950007 
8388607 1548781947 999111 0.950009 
8388607 1548781948 19149 0.950002 
8388607 1548781948 39162 0.950004 
8388607 1548781948 59227 0.950001 
8388607 1548781948 79256 0.950004 
8388607 1548781948 99301 0.950011 
8388607 1548781948 119367 0.950000 
8388607 1548781948 139394 0.950002 
8388607 1548781948 159439 0.949999 
8388607 1548781948 179512 0.949999 
8388607 1548781948 199512 0.949991 
8388607 1548781948 219532 0.949999 
8388607 1548781948 239582 0.949998 
8388607 1548781948 259618 0.950004 
8388607 1548781948 279661 0.950005 
8388607 1548781948 299686 0.950007 
8388607 1548781948 319739 0.950004 
8388607 1548781948 339747 0.949999 
8388607 1548781948 359790 0.950001 
8388607 1548781948 379852 0.949999 
8388607 1548781948 399862 0.950000 
8388607 1548781948 419917 0.950005 
8388607 1548781948 439980 0.949998 
8388607 1548781948 459993 0.950006 
8388607 1548781948 480050 0.949995 
8388607 1548781948 500053 0.950001 
8388607 1548781948 520140 0.949998 
8388607 1548781948 540145 0.950000 
8388607 1548781948 560195 0.949996 
8388607 1548781948 580252 0.950001 
8388607 1548781948 600261 0.949999 
8388607 1548781948 620293 0.949995 
8388607 1548781948 640388 0.950009 
8388607 1548781948 660389 0.949993 
8388607 1548781948 680440 0.949996 
8388607 1548781948 700501 0.949994 
8388607 1548781948 720564 0.949998 
8388607 1548781948 740567 0.950004 
8388607 1548781948 760589 0.950005 
8388607 1548781948 780619 0.950005 
8388607 1548781948 800672 0.950007 
8388607 1548781948 820715 0.949999 
8388607 1548781948 840765 0.949998 
8388607 1548781948 860819 0.950010 
8388607 1548781948 880815 0.950001 
8388607 1548781948 900881 0.950001 
8388607 1548781948 920897 0.949999 
8388607 1548781948 940942 0.949999 
8388607 1548781948 960976 0.950005 
8388607 1548781948 981034 0.949996 
8388607 1548781949 1089 0.950001 
8388607 1548781949 21113 0.950005 
8388607 1548781949 41163 0.950004 
8388607 1548781949 61170 0.949993 
8388607 1548781949 81243 0.950004 
8388607 1548781949 101262 0.949994 
8388607 1548781949 121293 0.949991 
8388607 1548781949 141381 0.950000 
8388607 1548781949 161425 0.950001 
8388607 1548781949 181444 0.949999 
8388607 1548781949 201502 0.950001 
8388607 1548781949 221530 0.950004 
8388607 1548781949 241571 0.949990 
8388607 1548781949 261564 0.949999 
8388607 1548781949 281627 0.949996 
8388607 1548781949 301685 0.949994 
8388607 1548781949 321679 0.950000 
8388607 1548781949 341738 0.949993 
8388607 1548781949 361762 0.950004 
8388607 1548781949 381833 0.950005 
8388607 1548781949 401880 0.949999 
8388607 1548781949 421885 0.949996 
8388607 1548781949 441955 0.950000 
8388607 1548781949 461997 0.949996 
8388607 1548781949 482032 0.949998 
8388607 1548781949 502075 0.950002 
8388607 1548781949 522118 0.950004 
8388607 1548781949 542154 0.949995 
8388607 1548781949 562194 0.949995 
8388607 1548781949 582216 0.950002 
8388607 1548781949 602267 0.950006 
8388607 1548781949 622317 0.950000 
8388607 1548781949 642364 0.949998 
8388607 1548781949 662375 0.950005 
8388607 1548781949 682436 0.950000 
8388607 1548781949 702459 0.949991 
8388607 1548781949 722531 0.949996 
8388607 1548781949 742531 0.950011 
8388607 1548781949 762565 0.949998 
8388607 1548781949 782621 0.949996 
8388607 1548781949 802647 0.949994 
8388607 1548781949 822697 0.950005 
8388607 1548781949 842743 0.949998 
8388607 1548781949 862757 0.950010 
8388607 1548781949 882795 0.950004 
8388607 1548781949 902879 0.950001 
8388607 1548781949 922880 0.949991 
8388607 1548781949 942929 0.950011 
8388607 1548781949 962985 0.949998 
8388607 1548781949 983017 0.949998 
8388607 1548781950 3043 0.949999 
8388607 1548781950 23096 0.949999 
8388607 1548781950 43156 0.950004 
8388607 1548781950 63180 0.949998 
8388607 1548781950 83214 0.950001 
8388607 1548781950 103251 0.950005 
8388607 1548781950 123278 0.949991 
8388607 1548781950 143346 0.950005 
8388607 1548781950 163344 0.949994 
8388607 1548781950 183400 0.950006 
8388607 1548781950 203516 0.949993 
8388607 1548781950 223513 0.949999 
8388607 1548781950 243532 0.950004 
8388607 1548781950 263566 0.950004 
8388607 1548781950 283629 0.949995 
8388607 1548781950 303641 0.949994 
8388607 1548781950 323707 0.949996 
8388607 1548781950 343745 0.949996 
8388607 1548781950 363747 0.950002 
8388607 1548781950 383804 0.949995 
8388607 1548781950 403869 0.949998 
8388607 1548781950 423920 0.950001 
8388607 1548781950 443932 0.949998 
8388607 1548781950 463974 0.950005 
8388607 1548781950 484020 0.950004 
8388607 1548781950 504034 0.949999 
8388607 1548781950 524099 0.949995 
8388607 1548781950 544098 0.950007 
8388607 1548781950 564150 0.949999 
8388607 1548781950 584225 0.949998 
8388607 1548781950 604266 0.950000 
8388607 1548781950 624270 0.949998 
8388607 1548781950 644307 0.949994 
8388607 1548781950 664376 0.950002 
8388607 1548781950 684404 0.950005 
8388607 1548781950 704451 0.949995 
8388607 1548781950 724516 0.949993 
8388607 1548781950 744555 0.949999 
8388607 1548781950 764567 0.950007 
8388607 1548781950 784570 0.950001 
8388607 1548781950 804662 0.950012 
8388607 1548781950 824645 0.950004 
8388607 1548781950 844750 0.950000 
8388607 1548781950 864766 0.950001 
8388607 1548781950 884810 0.950013 
8388607 1548781950 904805 0.950000 
8388607 1548781950 924875 0.950009 
8388607 1548781950 944915 0.950005 
8388607 1548781950 964941 0.950004 
8388607 1548781950 984973 0.949993 
8388607 1548781951 5055 0.950005 
8388607 1548781951 25046 0.950000 
8388607 1548781951 45131 0.950006 
8388607 1548781951 65154 0.949999 
8388607 1548781951 85202 0.950001 
8388607 1548781951 105215 0.949995 
8388607 1548781951 125266 0.949996 
8388607 1548781951 145313 0.949985 
8388607 1548781951 165327 0.950006 
8388607 1548781951 185373 0.949995 
8388607 1548781951 205400 0.949998 
8388607 1548781951 225515 0.949994 
8388607 1548781951 245534 0.949999 
8388607 1548781951 265565 0.949996 
8388607 1548781951 285588 0.949998 
8388607 1548781951 305601 0.950006 
8388607 1548781951 325675 0.950004 
8388607 1548781951 345676 0.949998 
8388607 1548781951 365720 0.949990 
8388607 1548781951 385807 0.949994 
8388607 1548781951 405801 0.950009 
8388607 1548781951 425863 0.949994 
8388607 1548781951 445887 0.950007 
8388607 1548781951 465908 0.950002 
8388607 1548781951 485984 0.949991 
8388607 1548781951 506036 0.950002 
8388607 1548781951 526026 0.950001 
8388607 1548781951 546089 0.950004 
8388607 1548781951 566117 0.949993 
8388607 1548781951 586147 0.950009 
8388607 1548781951 606225 0.950002 
8388607 1548781951 626253 0.949996 
8388607 1548781951 646297 0.949999 
8388607 1548781951 666309 0.950005 
8388607 1548781951 686388 0.950007 
8388607 1548781951 706408 0.950007 
8388607 1548781951 726435 0.949996 
8388607 1548781951 746519 0.949994 
8388607 1548781951 766519 0.949994 
8388607 1548781951 786587 0.950005 
8388607 1548781951 806610 0.950000 
8388607 1548781951 826640 0.950004 
8388607 1548781951 846640 0.949994 
8388607 1548781951 866710 0.949989 
8388607 1548781951 886769 0.950004 
8388607 1548781951 906768 0.949994 
8388607 1548781951 926824 0.950005 
8388607 1548781951 946886 0.949998 
8388607 1548781951 966918 0.949996 
8388607 1548781951 986943 0.949999 
8388607 1548781952 6966 0.950001 
8388607 1548781952 27014 0.949995 
8388607 1548781952 47039 0.949991 
8388607 1548781952 67086 0.949996 
8388607 1548781952 87170 0.949999 
8388607 1548781952 107157 0.949998 
8388607 1548781952 127198 0.949991 
8388607 1548781952 147235 0.949991 
8388607 1548781952 167309 0.950009 
8388607 1548781952 187339 0.950000 
8388607 1548781952 207397 0.950000 
8388607 1548781952 227389 0.949994 
8388607 1548781952 247431 0.950001 
8388607 1548781952 267519 0.950010 
8388607 1548781952 287528 0.950001 
8388607 1548781952 307579 0.949994 
8388607 1548781952 327588 0.949999 
8388607 1548781952 347652 0.950006 
8388607 1548781952 367692 0.950001 
8388607 1548781952 387702 0.949998 
8388607 1548781952 407751 0.950000 
8388607 1548781952 427819 0.950001 
8388607 1548781952 447867 0.949995 
8388607 1548781952 467865 0.950009 
8388607 1548781952 487908 0.949996 
8388607 1548781952 507944 0.949998 
8388607 1548781952 527982 0.950004 
8388607 1548781952 548032 0.950002 
8388607 1548781952 568060 0.949993 
8388607 1548781952 588088 0.950002 
8388607 1548781952 608150 0.949999 
8388607 1548781952 628225 0.949991 
8388607 1548781952 648216 0.949998 
8388607 1548781952 668295 0.950011 
8388607 1548781952 688321 0.949996 
8388607 1548781952 708385 0.950005 
8388607 1548781952 728410 0.950000 
8388607 1548781952 748412 0.950007 
8388607 1548781952 768537 0.950001 
8388607 1548781952 788518 0.950002 
8388607 1548781952 808568 0.949999 
8388607 1548781952 828577 0.950002 
8388607 1548781952 848645 0.949999 
8388607 1548781952 868653 0.950004 
8388607 1548781952 888696 0.950012 
8388607 1548781952 908751 0.949991 
8388607 1548781952 928804 0.949990 
8388607 1548781952 948811 0.950006 
8388607 1548781952 968866 0.949994 
8388607 1548781952 988913 0.949999 
8388607 1548781953 8912 0.949996 
8388607 1548781953 28963 0.950001 
8388607 1548781953 49046 0.950009 
8388607 1548781953 69043 0.949994 
8388607 1548781953 89106 0.950004 
8388607 1548781953 109164 0.949996 
8388607 1548781953 129177 0.949991 
8388607 1548781953 149206 0.949989 
8388607 1548781953 169274 0.950000 
8388607 1548781953 189289 0.949999 
8388607 1548781953 209350 0.949996 
8388607 1548781953 229389 0.949998 
8388607 1548781953 249434 0.949998 
8388607 1548781953 269471 0.950005 
8388607 1548781953 289471 0.949996 
8388607 1548781953 309538 0.950006 
8388607 1548781953 329596 0.950000 
8388607 1548781953 349594 0.949991 
8388607 1548781953 369664 0.950000 
8388607 1548781953 389705 0.949994 
8388607 1548781953 409748 0.949998 
8388607 1548781953 429786 0.950009 
8388607 1548781953 449804 0.949996 
8388607 1548781953 469837 0.949998 
8388607 1548781953 489862 0.950004 
8388607 1548781953 509924 0.949999 
8388607 1548781953 529934 0.949996 
8388607 1548781953 549976 0.950000 
8388607 1548781953 570047 0.949998 
8388607 1548781953 590074 0.950009 
8388607 1548781953 610129 0.949991 
8388607 1548781953 630140 0.949993 
8388607 1548781953 650177 0.950004 
8388607 1548781953 670254 0.949990 
8388607 1548781953 690267 0.949994 
8388607 1548781953 710313 0.949995 
8388607 1548781953 730367 0.950000 
8388607 1548781953 750399 0.949995 
8388607 1548781953 770441 0.950000 
8388607 1548781953 790453 0.949995 
8388607 1548781953 810582 0.950001 
8388607 1548781953 830539 0.950007 
8388607 1548781953 850598 0.950009 
8388607 1548781953 870656 0.950007 
8388607 1548781953 890657 0.950006 
8388607 1548781953 910686 0.949999 
8388607 1548781953 930772 0.949998 
8388607 1548781953 950943 0.950002 
8388607 1548781953 970850 0.950007 
8388607 1548781953 990897 0.949993 
8388607 1548781954 10882 0.950006 
8388607 1548781954 30927 0.949994 
8388607 1548781954 50968 0.950000 
8388607 1548781954 71046 0.949994 
8388607 1548781954 91062 0.950005 
8388607 1548781954 111100 0.949995 
8388607 1548781954 131149 0.950002 
8388607 1548781954 151166 0.950005 
8388607 1548781954 171215 0.950004 
8388607 1548781954 191272 0.950002 
8388607 1548781954 211276 0.949998 
8388607 1548781954 231327 0.949994 
8388607 1548781954 251400 0.949998 
8388607 1548781954 271444 0.949996 
8388607 1548781954 291447 0.950006 
8388607 1548781954 311540 0.950002 
8388607 1548781954 331573 0.949999 
8388607 1548781954 351582 0.949996 
8388607 1548781954 371639 0.949999 
8388607 1548781954 391655 0.950005 
8388607 1548781954 411687 0.950004 
8388607 1548781954 431766 0.950000 
8388607 1548781954 451795 0.950006 
8388607 1548781954 471826 0.950004 
8388607 1548781954 491859 0.950001 
8388607 1548781954 511871 0.949998 
8388607 1548781954 531955 0.949995 
8388607 1548781954 551957 0.949985 
8388607 1548781954 572006 0.950004 
8388607 1548781954 592046 0.949999 
8388607 1548781954 612064 0.950002 
8388607 1548781954 632151 0.950006 
8388607 1548781954 652152 0.950009 
8388607 1548781954 672205 0.950000 
8388607 1548781954 692280 0.950005 
8388607 1548781954 712273 0.949990 
8388607 1548781954 732342 0.950006 
8388607 1548781954 752362 0.950001 
8388607 1548781954 772381 0.950001 
8388607 1548781954 792417 0.949999 
8388607 1548781954 812525 0.949998 
8388607 1548781954 832522 0.950004 
8388607 1548781954 852545 0.949995 
8388607 1548781954 872591 0.950002 
8388607 1548781954 892643 0.950000 
8388607 1548781954 912643 0.950006 
8388607 1548781954 932748 0.949995 
8388607 1548781954 952758 0.949991 
8388607 1548781954 972774 0.950011 
8388607 1548781954 992836 0.950002 
8388607 1548781955 12873 0.949999 
8388607 1548781955 32916 0.950000 
8388607 1548781955 52938 0.949999 
8388607 1548781955 72984 0.950009 
8388607 1548781955 92977 0.949999 
8388607 1548781955 113008 0.950001 
8388607 1548781955 133100 0.950002 
8388607 1548781955 153140 0.949996 
8388607 1548781955 173155 0.950002 
8388607 1548781955 193161 0.950007 
8388607 1548781955 213239 0.950009 
8388607 1548781955 233274 0.950005 
8388607 1548781955 253326 0.950002 
8388607 1548781955 273336 0.950005 
8388607 1548781955 293401 0.949996 
8388607 1548781955 313395 0.950004 
8388607 1548781955 333466 0.949998 
8388607 1548781955 353468 0.950005 
8388607 1548781955 373541 0.949995 
8388607 1548781955 393544 0.949999 
8388607 1548781955 413581 0.949998 
8388607 1548781955 433660 0.950010 
8388607 1548781955 453693 0.950000 
8388607 1548781955 473746 0.950002 
8388607 1548781955 493749 0.950007 
8388607 1548781955 513802 0.950000 
8388607 1548781955 533842 0.950000 
8388607 1548781955 553887 0.949996 
8388607 1548781955 573924 0.949996 
8388607 1548781955 593974 0.949996 
8388607 1548781955 613992 0.950006 
8388607 1548781955 634066 0.950009 
8388607 1548781955 654109 0.950005 
8388607 1548781955 674127 0.949998 
8388607 1548781955 694150 0.950002 
8388607 1548781955 714182 0.949994 
8388607 1548781955 734218 0.950000 
8388607 1548781955 754286 0.949994 
8388607 1548781955 774342 0.950000 
8388607 1548781955 794395 0.950002 
8388607 1548781955 814376 0.949996 
8388607 1548781955 834450 0.950005 
8388607 1548781955 854531 0.949995 
8388607 1548781955 874523 0.949993 
8388607 1548781955 894545 0.949999 
8388607 1548781955 914582 0.950011 
8388607 1548781955 934647 0.950015 
8388607 1548781955 954672 0.950007 
8388607 1548781955 974718 0.950004 
8388607 1548781955 994776 0.949999 
8388607 1548781956 14756 0.949998 
8388607 1548781956 34813 0.950005 
8388607 1548781956 54837 0.949998 
8388607 1548781956 74922 0.949998 
8388607 1548781956 94932 0.950001 
8388607 1548781956 114993 0.949995 
8388607 1548781956 135028 0.950007 
8388607 1548781956 155040 0.949993 
8388607 1548781956 175090 0.950006 
8388607 1548781956 195117 0.950000 
8388607 1548781956 215170 0.949999 
8388607 1548781956 235229 0.949995 
8388607 1548781956 255258 0.950005 
8388607 1548781956 275259 0.950001 
8388607 1548781956 295355 0.949991 
8388607 1548781956 315400 0.950000 
8388607 1548781956 335420 0.950004 
8388607 1548781956 355430 0.950002 
8388607 1548781956 375515 0.949990 
8388607 1548781956 395524 0.949998 
8388607 1548781956 415584 0.950001 
8388607 1548781956 435605 0.950007 
8388607 1548781956 455672 0.950000 
8388607 1548781956 475692 0.950009 
8388607 1548781956 495690 0.949991 
8388607 1548781956 515735 0.950009 
8388607 1548781956 535787 0.949995 
8388607 1548781956 555803 0.950001 
8388607 1548781956 575843 0.949991 
8388607 1548781956 595890 0.950007 
8388607 1548781956 615915 0.950002 
8388607 1548781956 636003 0.950001 
8388607 1548781956 656039 0.949999 
8388607 1548781956 676085 0.949998 
8388607 1548781956 696120 0.949999 
8388607 1548781956 716154 0.949999 
8388607 1548781956 736166 0.949999 
8388607 1548781956 756229 0.950002 
8388607 1548781956 776261 0.949996 
8388607 1548781956 796272 0.949998 
8388607 1548781956 816321 0.949998 
8388607 1548781956 836388 0.950009 
8388607 1548781956 856385 0.950006 
8388607 1548781956 876438 0.950000 
8388607 1548781956 896528 0.949999 
8388607 1548781956 916570 0.950002 
8388607 1548781956 936590 0.950000 
8388607 1548781956 956594 0.949998 
8388607 1548781956 976666 0.950000 
8388607 1548781956 996701 0.950006 
8388607 1548781957 16715 0.949995 
8388607 1548781957 36761 0.950004 
8388607 1548781957 56774 0.950001 
8388607 1548781957 76837 0.950004 
8388607 1548781957 96877 0.949998 
8388607 1548781957 116928 0.950005 
8388607 1548781957 136931 0.950004 
8388607 1548781957 157003 0.950005 
8388607 1548781957 177004 0.950007 
8388607 1548781957 197063 0.949996 
8388607 1548781957 217099 0.949990 
8388607 1548781957 237172 0.949999 
8388607 1548781957 257190 0.949999 
8388607 1548781957 277223 0.950012 
8388607 1548781957 297269 0.950007 
8388607 1548781957 317298 0.949999 
8388607 1548781957 337346 0.950002 
8388607 1548781957 357360 0.949996 
8388607 1548781957 377418 0.950002 
8388607 1548781957 397433 0.950009 
8388607 1548781957 417528 0.949998 
8388607 1548781957 437545 0.949999 
8388607 1548781957 457548 0.949991 
8388607 1548781957 477579 0.949989 
8388607 1548781957 497672 0.950002 
8388607 1548781957 517690 0.949998 
8388607 1548781957 537704 0.949994 
8388607 1548781957 557752 0.950000 
8388607 1548781957 577778 0.950001 
8388607 1548781957 597862 0.950000 
8388607 1548781957 617897 0.950004 
8388607 1548781957 637936 0.949996 
8388607 1548781957 657938 0.949988 
8388607 1548781957 677998 0.950004 
8388607 1548781957 698036 0.950002 
8388607 1548781957 718105 0.950004 
8388607 1548781957 738131 0.949994 
8388607 1548781957 758158 0.950001 
8388607 1548781957 778176 0.949995 
8388607 1548781957 798222 0.950005 
8388607 1548781957 818244 0.950007 
8388607 1548781957 838279 0.950004 
8388607 1548781957 858331 0.949999 
8388607 1548781957 878370 0.949989 
8388607 1548781957 898407 0.949993 
8388607 1548781957 918463 0.949995 
8388607 1548781957 938475 0.950002 
8388607 1548781957 958546 0.949995 
8388607 1548781957 978605 0.949998 
8388607 1548781957 998639 0.949999 
8388607 1548781958 18640 0.949999 
8388607 1548781958 38722 0.949998 
8388607 1548781958 58761 0.949995 
8388607 1548781958 78779 0.950001 
8388607 1548781958 98838 0.950007 
8388607 1548781958 118877 0.950001 
8388607 1548781958 138910 0.949995 
8388607 1548781958 158934 0.950010 
8388607 1548781958 178993 0.950001 
8388607 1548781958 199023 0.950005 
8388607 1548781958 219063 0.949994 
8388607 1548781958 239109 0.950012 
8388607 1548781958 259129 0.950002 
8388607 1548781958 279162 0.950000 
8388607 1548781958 299234 0.950004 
8388607 1548781958 319221 0.950002 
8388607 1548781958 339287 0.949998 
8388607 1548781958 359340 0.950001 
8388607 1548781958 379358 0.950004 
8388607 1548781958 399393 0.950001 
8388607 1548781958 419445 0.950007 
8388607 1548781958 439525 0.949995 
8388607 1548781958 459540 0.950002 
8388607 1548781958 479580 0.949989 
8388607 1548781958 499590 0.949999 
8388607 1548781958 519640 0.950001 
8388607 1548781958 539657 0.949998 
8388607 1548781958 559707 0.950000 
8388607 1548781958 579758 0.950000 
8388607 1548781958 599808 0.949995 
8388607 1548781958 619821 0.950000 
8388607 1548781958 639876 0.950000 
8388607 1548781958 659953 0.949991 
8388607 1548781958 679986 0.950005 
8388607 1548781958 700000 0.949998 
8388607 1548781958 720067 0.949996 
8388607 1548781958 740052 0.949993 
8388607 1548781958 760115 0.950007 
8388607 1548781958 780182 0.950004 
8388607 1548781958 800177 0.950001 
8388607 1548781958 820215 0.949996 
8388607 1548781958 840284 0.949998 
8388607 1548781958 860295 0.950004 
8388607 1548781958 880341 0.949999 
8388607 1548781958 900382 0.949999 
8388607 1548781958 920423 0.950006 
8388607 1548781958 940452 0.950005 
8388607 1548781958 960532 0.950007 
8388607 1548781958 980564 0.949998 
8388607 1548781959 580 0.949995 
8388607 1548781959 20613 0.950005 
8388607 1548781959 40647 0.949999 
8388607 1548781959 60697 0.950000 
8388607 1548781959 80753 0.950004 
8388607 1548781959 100769 0.950001 
8388607 1548781959 120843 0.949991 
8388607 1548781959 140880 0.949994 
8388607 1548781959 160908 0.950002 
8388607 1548781959 180929 0.950009 
8388607 1548781959 200985 0.949998 
8388607 1548781959 221044 0.950002 
8388607 1548781959 241053 0.950001 
8388607 1548781959 261105 0.949985 
8388607 1548781959 281169 0.949995 
8388607 1548781959 301181 0.950000 
8388607 1548781959 321224 0.949999 
8388607 1548781959 341265 0.950001 
8388607 1548781959 361300 0.950004 
8388607 1548781959 381355 0.949996 
8388607 1548781959 401371 0.949998 
8388607 1548781959 421439 0.950009 
8388607 1548781959 441460 0.950001 
8388607 1548781959 461473 0.950002 
8388607 1548781959 481548 0.950000 
8388607 1548781959 501589 0.950007 
8388607 1548781959 521589 0.949993 
8388607 1548781959 541642 0.950007 
8388607 1548781959 561713 0.950009 
8388607 1548781959 581750 0.950004 
8388607 1548781959 601763 0.949998 
8388607 1548781959 621815 0.950002 
8388607 1548781959 641871 0.949996 
8388607 1548781959 661924 0.950001 
8388607 1548781959 681959 0.949995 
8388607 1548781959 701986 0.949996 
8388607 1548781959 722017 0.949998 
8388607 1548781959 742068 0.950004 
8388607 1548781959 762110 0.949990 
8388607 1548781959 782118 0.949994 
8388607 1548781959 802165 0.950000 
8388607 1548781959 822206 0.949999 
8388607 1548781959 842285 0.950011 
8388607 1548781959 862282 0.949995 
8388607 1548781959 882314 0.949990 
8388607 1548781959 902364 0.950001 
8388607 1548781959 922395 0.950001 
8388607 1548781959 942460 0.950002 
8388607 1548781959 962534 0.950004 
8388607 1548781959 982534 0.950002 
8388607 1548781960 2550 0.949987 
8388607 1548781960 22603 0.949999 
8388607 1548781960 42666 0.950000 
8388607 1548781960 62718 0.949995 
8388607 1548781960 82742 0.949998 
8388607 1548781960 102786 0.949991 
8388607 1548781960 122798 0.949998 
8388607 1548781960 142843 0.950002 
8388607 1548781960 162875 0.950001 
8388607 1548781960 182939 0.949990 
8388607 1548781960 202948 0.950004 
8388607 1548781960 223039 0.949995 
8388607 1548781960 243076 0.950000 
8388607 1548781960 263096 0.950005 
8388607 1548781960 283130 0.950001 
8388607 1548781960 303178 0.950001 
8388607 1548781960 323217 0.950005 
8388607 1548781960 343257 0.950005 
8388607 1548781960 363320 0.949999 
8388607 1548781960 383333 0.949996 
8388607 1548781960 403368 0.950002 
8388607 1548781960 423444 0.949993 
8388607 1548781960 443461 0.949991 
8388607 1548781960 463535 0.950004 
8388607 1548781960 483550 0.949999 
8388607 1548781960 503551 0.949990 
8388607 1548781960 523613 0.949995 
8388607 1548781960 543675 0.949990 
8388607 1548781960 563696 0.950002 
8388607 1548781960 583763 0.949994 
8388607 1548781960 603767 0.950001 
8388607 1548781960 623823 0.950004 
8388607 1548781960 643866 0.950002 
8388607 1548781960 663876 0.950001 
8388607 1548781960 683917 0.950000 
8388607 1548781960 703995 0.950004 
8388607 1548781960 724017 0.949996 
8388607 1548781960 744054 0.950007 
8388607 1548781960 764115 0.949998 
8388607 1548781960 784123 0.950004 
8388607 1548781960 804175 0.950002 
8388607 1548781960 824248 0.950005 
8388607 1548781960 844285 0.950000 
8388607 1548781960 864285 0.950004 
8388607 1548781960 884366 0.949998 
8388607 1548781960 904352 0.950005 
8388607 1548781960 924395 0.949993 
8388607 1548781960 944446 0.950002 
8388607 1548781960 964536 0.950004 
8388607 1548781960 984580 0.950004 
8388607 1548781961 4595 0.949994 
8388607 1548781961 24590 0.949999 
8388607 1548781961 44642 0.950006 
8388607 1548781961 64679 0.950000 
8388607 1548781961 84764 0.950001 
8388607 1548781961 104779 0.950012 
8388607 1548781961 124827 0.949994 
8388607 1548781961 144878 0.950006 
8388607 1548781961 164883 0.949999 
8388607 1548781961 184933 0.950009 
8388607 1548781961 204980 0.950000 
8388607 1548781961 225036 0.950010 
8388607 1548781961 245048 0.950004 
8388607 1548781961 265094 0.949998 
8388607 1548781961 285105 0.949991 
8388607 1548781961 305174 0.949999 
8388607 1548781961 325217 0.949998 
8388607 1548781961 345267 0.949993 
8388607 1548781961 365285 0.949998 
8388607 1548781961 385320 0.949991 
8388607 1548781961 405376 0.950004 
8388607 1548781961 425397 0.949996 
8388607 1548781961 445445 0.950004 
8388607 1548781961 465493 0.949999 
8388607 1548781961 485534 0.950000 
8388607 1548781961 505553 0.949999 
8388607 1548781961 525593 0.950000 
8388607 1548781961 545630 0.949995 
8388607 1548781961 565677 0.950006 
8388607 1548781961 585721 0.950005 
8388607 1548781961 605756 0.950000 
8388607 1548781961 625834 0.949991 
8388607 1548781961 645854 0.949996 
8388607 1548781961 665916 0.949999 
8388607 1548781961 685953 0.949999 
8388607 1548781961 705986 0.950001 
8388607 1548781961 725990 0.950013 
8388607 1548781961 746068 0.949993 
8388607 1548781961 766067 0.949996 
8388607 1548781961 786115 0.950001 
8388607 1548781961 806155 0.950001 
8388607 1548781961 826233 0.949996 
8388607 1548781961 846249 0.949998 
8388607 1548781961 866306 0.949993 
8388607 1548781961 886341 0.949998 
8388607 1548781961 906348 0.950001 
8388607 1548781961 926399 0.950004 
8388607 1548781961 946443 0.950007 
8388607 1548781961 966486 0.949989 
8388607 1548781961 986583 0.949993 
8388607 1548781962 6585 0.950004 
8388607 1548781962 26616 0.949994 
8388607 1548781962 46613 0.949999 
8388607 1548781962 66647 0.949999 
8388607 1548781962 86753 0.950001 
8388607 1548781962 106784 0.949999 
8388607 1548781962 126806 0.950002 
8388607 1548781962 146818 0.949999 
8388607 1548781962 166861 0.950004 
8388607 1548781962 186903 0.949999 
8388607 1548781962 206952 0.949999 
8388607 1548781962 226993 0.950012 
8388607 1548781962 247054 0.949999 
8388607 1548781962 267066 0.950004 
8388607 1548781962 287137 0.950000 
8388607 1548781962 307181 0.949994 
8388607 1548781962 327191 0.949996 
8388607 1548781962 347227 0.949995 
8388607 1548781962 367269 0.949994 
8388607 1548781962 387308 0.950000 
8388607 1548781962 407361 0.950009 
8388607 1548781962 427406 0.950004 
8388607 1548781962 447454 0.949994 
8388607 1548781962 467464 0.950001 
8388607 1548781962 487540 0.949996 
8388607 1548781962 507600 0.950004 
8388607 1548781962 527614 0.949999 
8388607 1548781962 547666 0.950001 
8388607 1548781962 567704 0.950002 
8388607 1548781962 587715 0.950000 
8388607 1548781962 607751 0.949989 
8388607 1548781962 627782 0.949999 
8388607 1548781962 647873 0.950002 
8388607 1548781962 667906 0.950000 
8388607 1548781962 687943 0.949998 
8388607 1548781962 707945 0.949999 
8388607 1548781962 728027 0.950001 
8388607 1548781962 748043 0.949998 
8388607 1548781962 768078 0.950002 
8388607 1548781962 788153 0.949999 
8388607 1548781962 808196 0.950001 
8388607 1548781962 828220 0.950002 
8388607 1548781962 848248 0.950006 
8388607 1548781962 868274 0.950000 
8388607 1548781962 888342 0.950009 
8388607 1548781962 908347 0.950004 
8388607 1548781962 928429 0.949996 
8388607 1548781962 948416 0.950002 
8388607 1548781962 968470 0.950000 
8388607 1548781962 988558 0.950001 
8388607 1548781963 8598 0.949988 
8388607 1548781963 28590 0.950011 
8388607 1548781963 48647 0.949996 
8388607 1548781963 68661 0.950001 
8388607 1548781963 88727 0.949998 
8388607 1548781963 108775 0.950000 
8388607 1548781963 128788 0.950004 
8388607 1548781963 148826 0.950004 
8388607 1548781963 168884 0.950006 
8388607 1548781963 188886 0.950006 
8388607 1548781963 208943 0.950001 
8388607 1548781963 229004 0.950004 
8388607 1548781963 249027 0.949999 
8388607 1548781963 269064 0.949990 
8388607 1548781963 289108 0.949996 