157 1548781291 734129 0.949993 
159 1548781291 754206 0.949998 
161 1548781291 774216 0.950000 
157 1548781291 794303 0.950012 
151 1548781291 814298 0.950001 
161 1548781291 834358 0.950005 
161 1548781291 854387 0.950002 
167 1548781291 874462 0.949991 
159 1548781291 894460 0.950006 
169 1548781291 914518 0.950007 
155 1548781291 934558 0.949995 
155 1548781291 954607 0.950009 
155 1548781291 974718 0.949991 
159 1548781291 994718 0.949998 
155 1548781292 14778 0.949996 
159 1548781292 34772 0.950007 
167 1548781292 54825 0.949994 
167 1548781292 74851 0.950000 
163 1548781292 94893 0.950005 
169 1548781292 114966 0.950009 
175 1548781292 134969 0.949990 
159 1548781292 155005 0.949999 
163 1548781292 175104 0.949996 
165 1548781292 195112 0.949999 
165 1548781292 215166 0.949999 
169 1548781292 235188 0.950005 
175 1548781292 255258 0.949989 
179 1548781292 275273 0.949998 
165 1548781292 295323 0.949987 
179 1548781292 315342 0.950000 
179 1548781292 335394 0.949996 
173 1548781292 355450 0.950001 
171 1548781292 375492 0.950002 
165 1548781292 395533 0.950005 
167 1548781292 415557 0.950004 
155 1548781292 435586 0.950007 
165 1548781292 455644 0.949994 
165 1548781292 475735 0.949998 
161 1548781292 495736 0.950000 
163 1548781292 515807 0.950000 
153 1548781292 535845 0.950001 
163 1548781292 555847 0.949998 
167 1548781292 575885 0.949991 
165 1548781292 595929 0.950004 
157 1548781292 615993 0.949996 
155 1548781292 636047 0.949999 
161 1548781292 656096 0.950001 
159 1548781292 676132 0.949990 
141 1548781292 696174 0.949996 
165 1548781292 716203 0.950000 
157 1548781292 736226 0.949985 
161 1548781292 756250 0.949999 
153 1548781292 776294 0.949993 
161 1548781292 796371 0.950005 
153 1548781292 816411 0.949998 
163 1548781292 836408 0.950004 
143 1548781292 856511 0.949994 
159 1548781292 876493 0.950001 
149 1548781292 896532 0.950001 
151 1548781292 916595 0.950009 
153 1548781292 936642 0.949998 
167 1548781292 956718 0.950000 
157 1548781292 976778 0.950011 
159 1548781292 996787 0.950005 
149 1548781293 16831 0.950005 
157 1548781293 36843 0.950001 
143 1548781293 56891 0.950001 
157 1548781293 76954 0.949999 
161 1548781293 96955 0.949999 
153 1548781293 117006 0.949998 
155 1548781293 137046 0.950007 
137 1548781293 157063 0.949999 
151 1548781293 177158 0.949988 
157 1548781293 197190 0.950006 
161 1548781293 217238 0.949994 
157 1548781293 237253 0.950007 
155 1548781293 257306 0.949995 
153 1548781293 277324 0.950004 
157 1548781293 297356 0.949998 
155 1548781293 317409 0.949999 
157 1548781293 337486 0.950000 
155 1548781293 357472 0.949993 
159 1548781293 377524 0.949998 
161 1548781293 397550 0.949999 
147 1548781293 417596 0.950001 
157 1548781293 437623 0.950000 
149 1548781293 457719 0.950002 
143 1548781293 477739 0.949995 
167 1548781293 497794 0.950001 
161 1548781293 517791 0.949995 
145 1548781293 537862 0.950001 
161 1548781293 557899 0.949996 
159 1548781293 577912 0.950000 
151 1548781293 597955 0.949994 
151 1548781293 617986 0.950001 
155 1548781293 638029 0.949998 
153 1548781293 658100 0.950004 
153 1548781293 678113 0.949990 
149 1548781293 698182 0.949987 
151 1548781293 718234 0.950006 
135 1548781293 738234 0.950002 
151 1548781293 758277 0.949995 
147 1548781293 778343 0.949991 
151 1548781293 798347 0.949998 
157 1548781293 818432 0.950004 
139 1548781293 838468 0.950004 
141 1548781293 858475 0.949993 
149 1548781293 878539 0.949994 
149 1548781293 898588 0.950000 
145 1548781293 918602 0.949991 
149 1548781293 938636 0.950002 
145 1548781293 958712 0.950006 
145 1548781293 978739 0.949993 
143 1548781293 998793 0.949996 
155 1548781294 18795 0.950004 
145 1548781294 38835 0.950002 
131 1548781294 58881 0.950010 
131 1548781294 78931 0.949999 
149 1548781294 98952 0.949994 
149 1548781294 119003 0.949995 
141 1548781294 139062 0.950004 
159 1548781294 159114 0.949995 
153 1548781294 179116 0.950010 
155 1548781294 199167 0.949995 
149 1548781294 219178 0.950011 
149 1548781294 239233 0.949996 
149 1548781294 259311 0.950005 
153 1548781294 279346 0.949998 
153 1548781294 299333 0.950000 
153 1548781294 319379 0.949999 
147 1548781294 339403 0.950002 
145 1548781294 359453 0.949989 
155 1548781294 379530 0.950011 
153 1548781294 399536 0.949996 
147 1548781294 419575 0.950005 
145 1548781294 439638 0.949996 
149 1548781294 459721 0.950000 
153 1548781294 479735 0.950004 
151 1548781294 499774 0.949991 
145 1548781294 519789 0.949994 
163 1548781294 539853 0.950000 
153 1548781294 559889 0.949999 
147 1548781294 580069 0.950000 
147 1548781294 599981 0.950004 
147 1548781294 619991 0.949996 
143 1548781294 640078 0.950005 
143 1548781294 660097 0.950004 
141 1548781294 680156 0.949995 
141 1548781294 700181 0.950005 
157 1548781294 720229 0.950002 
149 1548781294 740243 0.949998 
145 1548781294 760319 0.950005 
145 1548781294 780350 0.950002 
143 1548781294 800348 0.949996 
143 1548781294 820432 0.949998 
149 1548781294 840423 0.949996 
159 1548781294 860515 0.950000 
139 1548781294 880536 0.950005 
143 1548781294 900595 0.950002 
149 1548781294 920655 0.950000 
155 1548781294 940708 0.950001 
157 1548781294 960739 0.950000 
159 1548781294 980777 0.950007 
163 1548781295 780 0.949998 
147 1548781295 20852 0.950002 
159 1548781295 40855 0.949998 
149 1548781295 60886 0.949999 
155 1548781295 80972 0.949995 
143 1548781295 101013 0.950005 
143 1548781295 121025 0.949996 
153 1548781295 141079 0.949994 
145 1548781295 161137 0.950002 
137 1548781295 181185 0.949998 
155 1548781295 201182 0.950000 
161 1548781295 221253 0.949999 
151 1548781295 241298 0.950002 
153 1548781295 261342 0.949999 
159 1548781295 281375 0.949999 
153 1548781295 301407 0.949999 
145 1548781295 321473 0.950000 
151 1548781295 341479 0.950002 
159 1548781295 361524 0.950007 
153 1548781295 381580 0.949998 
143 1548781295 401625 0.950000 
157 1548781295 421648 0.949991 
165 1548781295 441738 0.949995 
153 1548781295 461786 0.949999 
155 1548781295 481780 0.950011 
145 1548781295 501799 0.949999 
155 1548781295 521889 0.949998 
167 1548781295 541903 0.949994 
149 1548781295 561929 0.950006 
149 1548781295 581952 0.950000 
151 1548781295 602020 0.949999 
147 1548781295 622072 0.950000 
157 1548781295 642113 0.950000 
143 1548781295 662163 0.949990 
159 1548781295 682182 0.949998 
153 1548781295 702204 0.950004 
163 1548781295 722280 0.950002 
151 1548781295 742291 0.949995 
161 1548781295 762327 0.950013 
157 1548781295 782389 0.950001 
149 1548781295 802411 0.949994 
149 1548781295 822452 0.950009 
161 1548781295 842498 0.949998 
153 1548781295 862565 0.949994 
155 1548781295 882592 0.950006 
169 1548781295 902652 0.950001 
153 1548781295 922644 0.950017 
151 1548781295 942741 0.949996 
153 1548781295 962740 0.950004 
155 1548781295 982775 0.950005 
153 1548781296 2853 0.950011 
157 1548781296 22885 0.950005 
159 1548781296 42893 0.950001 
169 1548781296 62959 0.949995 
161 1548781296 82989 0.950002 
159 1548781296 103011 0.949995 
145 1548781296 123085 0.949993 
149 1548781296 143124 0.949998 
173 1548781296 163121 0.949995 
157 1548781296 183167 0.950001 
153 1548781296 203253 0.950002 
151 1548781296 223280 0.949988 
153 1548781296 243292 0.949995 
151 1548781296 263358 0.950005 
151 1548781296 283417 0.950004 
155 1548781296 303413 0.949989 
161 1548781296 323465 0.950002 
155 1548781296 343544 0.949991 
163 1548781296 363539 0.949999 
155 1548781296 383573 0.950001 
157 1548781296 403628 0.950010 
153 1548781296 423721 0.950009 
159 1548781296 443740 0.949999 
159 1548781296 463779 0.950009 
153 1548781296 483790 0.950000 
161 1548781296 503845 0.949995 
155 1548781296 523887 0.949994 
139 1548781296 543905 0.950000 
155 1548781296 563932 0.950000 
153 1548781296 583994 0.949989 
151 1548781296 604026 0.950000 
147 1548781296 624061 0.949998 
155 1548781296 644093 0.950011 
161 1548781296 664158 0.949998 
159 1548781296 684209 0.950001 
157 1548781296 704236 0.950000 
147 1548781296 724288 0.950009 
149 1548781296 744342 0.950000 
149 1548781296 764365 0.949999 
157 1548781296 784397 0.949998 
143 1548781296 804440 0.949999 
139 1548781296 824493 0.949998 
141 1548781296 844527 0.950009 
127 1548781296 864536 0.949999 
143 1548781296 884595 0.950002 
135 1548781296 904631 0.950002 
129 1548781296 924722 0.950000 
131 1548781296 944778 0.950007 
145 1548781296 964738 0.950001 
131 1548781296 984778 0.950001 
131 1548781297 4835 0.949999 
149 1548781297 24913 0.950004 
153 1548781297 44908 0.949991 
151 1548781297 64955 0.949996 
143 1548781297 85014 0.950011 
155 1548781297 105063 0.950007 
141 1548781297 125151 0.949994 
147 1548781297 145164 0.950004 
155 1548781297 165164 0.950002 
163 1548781297 185244 0.950002 
145 1548781297 205296 0.950004 
163 1548781297 225279 0.950001 
157 1548781297 245324 0.949998 
141 1548781297 265390 0.949999 
147 1548781297 285425 0.950004 
157 1548781297 305456 0.950000 
155 1548781297 325475 0.950016 
141 1548781297 345509 0.949991 
157 1548781297 365586 0.950004 
163 1548781297 385635 0.950005 
157 1548781297 405643 0.950004 
153 1548781297 425710 0.950002 
177 1548781297 445743 0.950001 
165 1548781297 465798 0.950012 
167 1548781297 485836 0.949996 
155 1548781297 505854 0.949999 
167 1548781297 525887 0.950015 
157 1548781297 545960 0.950000 
157 1548781297 565971 0.950012 
133 1548781297 586019 0.949994 
143 1548781297 606046 0.950011 
139 1548781297 626118 0.950001 
135 1548781297 646162 0.950001 
143 1548781297 666186 0.950001 
129 1548781297 686233 0.949989 
131 1548781297 706266 0.950001 
135 1548781297 726330 0.949996 
125 1548781297 746350 0.950004 
149 1548781297 766412 0.949991 
125 1548781297 786458 0.949990 
127 1548781297 806459 0.949993 
139 1548781297 826517 0.949999 
131 1548781297 846540 0.950001 
141 1548781297 866587 0.949996 
139 1548781297 886637 0.949995 
145 1548781297 906723 0.949999 
141 1548781297 926727 0.949994 
155 1548781297 946726 0.950005 
153 1548781297 966771 0.949998 
171 1548781297 986815 0.949993 
183 1548781298 6860 0.949995 
181 1548781298 26923 0.950007 
185 1548781298 46948 0.950000 
171 1548781298 67008 0.950009 
167 1548781298 87033 0.949996 
167 1548781298 107120 0.950000 
175 1548781298 127142 0.949996 
165 1548781298 147186 0.950002 
163 1548781298 167361 0.950000 
183 1548781298 187241 0.950010 
187 1548781298 207319 0.950002 
179 1548781298 227346 0.950005 
185 1548781298 247369 0.950000 
185 1548781298 267436 0.949989 
187 1548781298 287473 0.950000 
203 1548781298 307513 0.950015 
191 1548781298 327569 0.950002 
205 1548781298 347572 0.950007 
171 1548781298 367637 0.949999 
141 1548781298 387676 0.950000 
145 1548781298 407738 0.949994 
127 1548781298 427744 0.950006 
129 1548781298 447770 0.950009 
125 1548781298 467857 0.949994 
115 1548781298 487895 0.949999 
111 1548781298 507885 0.950001 
119 1548781298 527954 0.949999 
125 1548781298 548009 0.950004 
125 1548781298 568012 0.949995 
127 1548781298 588057 0.949996 
139 1548781298 608119 0.949996 
125 1548781298 628166 0.950004 
139 1548781298 648197 0.950010 
123 1548781298 668241 0.950006 
127 1548781298 688290 0.950007 
125 1548781298 708317 0.949999 
135 1548781298 728324 0.950007 
135 1548781298 748359 0.950012 
145 1548781298 768416 0.950004 
137 1548781298 788475 0.950001 
133 1548781298 808474 0.949998 
139 1548781298 828538 0.949994 
133 1548781298 848589 0.950000 
141 1548781298 868592 0.950004 
125 1548781298 888631 0.950004 
137 1548781298 908723 0.949999 
121 1548781298 928739 0.949998 
141 1548781298 948780 0.950010 
143 1548781298 968789 0.950001 
145 1548781298 988816 0.949996 
135 1548781299 8894 0.949996 
137 1548781299 28899 0.950002 
147 1548781299 48966 0.950007 
135 1548781299 69013 0.950010 
139 1548781299 89076 0.949998 
131 1548781299 109072 0.950002 
141 1548781299 129109 0.950007 
137 1548781299 149120 0.950005 
139 1548781299 169188 0.949999 
145 1548781299 189207 0.949995 
147 1548781299 209244 0.950000 
157 1548781299 229324 0.949996 
143 1548781299 249333 0.950007 
147 1548781299 269398 0.950005 
135 1548781299 289464 0.950004 
139 1548781299 309434 0.950006 
135 1548781299 329476 0.950006 
141 1548781299 349525 0.950009 
147 1548781299 369556 0.950005 
153 1548781299 389632 0.949994 
137 1548781299 409622 0.950005 
141 1548781299 429670 0.949998 
143 1548781299 449781 0.949998 
145 1548781299 469781 0.949999 
145 1548781299 489789 0.950006 
141 1548781299 509830 0.950000 
127 1548781299 529907 0.949996 
141 1548781299 549926 0.950006 
145 1548781299 569950 0.950006 
135 1548781299 590014 0.950002 
143 1548781299 610032 0.949999 
149 1548781299 630089 0.949998 
151 1548781299 650142 0.950004 
127 1548781299 670147 0.949993 
147 1548781299 690217 0.950004 
143 1548781299 710233 0.949998 
151 1548781299 730311 0.950006 
147 1548781299 750289 0.949999 
149 1548781299 770366 0.949991 
145 1548781299 790394 0.949993 
143 1548781299 810437 0.950002 
139 1548781299 830480 0.950006 
151 1548781299 850501 0.950000 
147 1548781299 870549 0.949988 
151 1548781299 890583 0.950000 
153 1548781299 910633 0.950001 
161 1548781299 930724 0.949999 
135 1548781299 950724 0.950002 
141 1548781299 970743 0.950013 
163 1548781299 990777 0.949996 
143 1548781300 10831 0.950000 
149 1548781300 30859 0.950001 
167 1548781300 50925 0.950010 
147 1548781300 70961 0.949998 
157 1548781300 90999 0.950005 
151 1548781300 111074 0.950000 
153 1548781300 131066 0.949995 
167 1548781300 151126 0.949991 
155 1548781300 171188 0.949993 
157 1548781300 191245 0.950007 
161 1548781300 211245 0.950001 
157 1548781300 231314 0.949998 
145 1548781300 251354 0.950006 
147 1548781300 271348 0.950006 
153 1548781300 291417 0.950004 
153 1548781300 311435 0.949993 
131 1548781300 331483 0.950006 
145 1548781300 351553 0.949999 
143 1548781300 371598 0.950005 
153 1548781300 391635 0.949998 
163 1548781300 411661 0.949991 
167 1548781300 431725 0.949995 
145 1548781300 451778 0.950002 
169 1548781300 471781 0.950006 
151 1548781300 491803 0.950012 
141 1548781300 511869 0.949995 
149 1548781300 531897 0.950005 
157 1548781300 551955 0.950004 
155 1548781300 572000 0.949991 
151 1548781300 592036 0.950000 
147 1548781300 612055 0.950010 
153 1548781300 632123 0.949994 
155 1548781300 652129 0.949995 
157 1548781300 672183 0.949993 
147 1548781300 692201 0.950001 
143 1548781300 712242 0.950002 
153 1548781300 732307 0.949998 
153 1548781300 752363 0.950002 
157 1548781300 772412 0.949998 
165 1548781300 792466 0.950005 
161 1548781300 812477 0.949998 
167 1548781300 832525 0.949993 
163 1548781300 852528 0.949999 
161 1548781300 872618 0.949995 
167 1548781300 892638 0.950009 
167 1548781300 912725 0.950005 
169 1548781300 932743 0.950000 
169 1548781300 952743 0.950004 
179 1548781300 972779 0.949996 
171 1548781300 992854 0.950002 
167 1548781301 12898 0.950011 
163 1548781301 32909 0.949993 
179 1548781301 52952 0.950010 
179 1548781301 73011 0.949999 
185 1548781301 93036 0.949998 
193 1548781301 113090 0.949998 
177 1548781301 133128 0.949999 
181 1548781301 153178 0.950004 
175 1548781301 173222 0.949995 
169 1548781301 193224 0.949999 
199 1548781301 213264 0.949996 
175 1548781301 233322 0.949996 
187 1548781301 253359 0.949995 
177 1548781301 273420 0.949989 
181 1548781301 293420 0.949993 
173 1548781301 313465 0.950005 
167 1548781301 333533 0.949994 
175 1548781301 353552 0.950001 
167 1548781301 373605 0.950001 
167 1548781301 393641 0.949999 
167 1548781301 413713 0.949996 
171 1548781301 433782 0.950001 
175 1548781301 453781 0.950002 
183 1548781301 473840 0.950002 
173 1548781301 493867 0.950002 
167 1548781301 513872 0.950004 
177 1548781301 533891 0.949996 
175 1548781301 553952 0.950001 
177 1548781301 573997 0.949991 
171 1548781301 594058 0.949999 
173 1548781301 614087 0.949998 
173 1548781301 634142 0.949999 
173 1548781301 654188 0.950002 
175 1548781301 674209 0.950002 
175 1548781301 694239 0.949999 
163 1548781301 714322 0.950000 
165 1548781301 734325 0.949995 
183 1548781301 754395 0.950001 
175 1548781301 774417 0.950006 
177 1548781301 794495 0.950004 
169 1548781301 814477 0.949995 
173 1548781301 834555 0.950005 
159 1548781301 854565 0.950006 
163 1548781301 874633 0.949999 
165 1548781301 894681 0.949994 
169 1548781301 914681 0.949996 
161 1548781301 934770 0.949990 
177 1548781301 954784 0.950006 
165 1548781301 974806 0.949995 
159 1548781301 994892 0.950000 
163 1548781302 14897 0.949994 
151 1548781302 34958 0.950004 
155 1548781302 55015 0.950004 
165 1548781302 74996 0.950009 
163 1548781302 95083 0.950002 
167 1548781302 115091 0.950012 
167 1548781302 135119 0.950000 
169 1548781302 155192 0.949991 
171 1548781302 175254 0.950002 
169 1548781302 195256 0.949996 
169 1548781302 215322 0.950010 
155 1548781302 235352 0.949995 
165 1548781302 255411 0.950001 
163 1548781302 275404 0.950009 
163 1548781302 295464 0.950002 
153 1548781302 315507 0.950000 
169 1548781302 335514 0.949990 
159 1548781302 355563 0.950002 
147 1548781302 375627 0.950005 
163 1548781302 395656 0.949999 
153 1548781302 415714 0.949995 
155 1548781302 435775 0.949998 
169 1548781302 455744 0.950005 
161 1548781302 475799 0.950010 
173 1548781302 495861 0.949993 
153 1548781302 515892 0.949999 
157 1548781302 535918 0.949991 
161 1548781302 555968 0.949995 
147 1548781302 576006 0.950002 
163 1548781302 596027 0.949996 
155 1548781302 616076 0.949995 
149 1548781302 636111 0.949996 
149 1548781302 656172 0.949999 
159 1548781302 676183 0.950006 
161 1548781302 696257 0.950001 
161 1548781302 716258 0.949999 
157 1548781302 736324 0.949995 
151 1548781302 756365 0.950004 
153 1548781302 776428 0.950010 
155 1548781302 796438 0.950006 
161 1548781302 816469 0.949998 
149 1548781302 836499 0.949989 
167 1548781302 856563 0.949996 
157 1548781302 876629 0.949998 
163 1548781302 896654 0.950007 
155 1548781302 916663 0.950007 
169 1548781302 936783 0.949994 
151 1548781302 956751 0.950011 
159 1548781302 976835 0.950001 
143 1548781302 996855 0.949995 
139 1548781303 16899 0.949999 
161 1548781303 36947 0.950002 
139 1548781303 56962 0.949995 
145 1548781303 77020 0.949991 
151 1548781303 97054 0.949995 
165 1548781303 117109 0.950001 
153 1548781303 137117 0.949995 
153 1548781303 157151 0.950000 
143 1548781303 177235 0.950004 
153 1548781303 197236 0.949999 
153 1548781303 217299 0.950002 
153 1548781303 237351 0.950000 
151 1548781303 257353 0.950001 
145 1548781303 277404 0.950004 
155 1548781303 297467 0.950000 
149 1548781303 317483 0.949999 
151 1548781303 337535 0.949988 
155 1548781303 357610 0.949991 
159 1548781303 377619 0.950010 
169 1548781303 397646 0.949995 
157 1548781303 417674 0.949998 
153 1548781303 437745 0.949998 
169 1548781303 457783 0.949999 
153 1548781303 477810 0.949996 
163 1548781303 497840 0.950009 
153 1548781303 517887 0.949990 
157 1548781303 537937 0.949998 
145 1548781303 558009 0.949991 
151 1548781303 578043 0.950005 
157 1548781303 598074 0.949999 
153 1548781303 618117 0.950000 
145 1548781303 638127 0.950009 
153 1548781303 658207 0.949998 
155 1548781303 678228 0.949999 
157 1548781303 698250 0.950001 
151 1548781303 718326 0.949999 
151 1548781303 738353 0.950005 
149 1548781303 758355 0.949998 
157 1548781303 778427 0.950001 
161 1548781303 798479 0.949998 
169 1548781303 818479 0.950007 
151 1548781303 838555 0.950005 
159 1548781303 858562 0.950005 
165 1548781303 878654 0.950005 
161 1548781303 898680 0.949995 
159 1548781303 918746 0.949998 
159 1548781303 938743 0.950002 
157 1548781303 958783 0.949995 
165 1548781303 978852 0.949995 
147 1548781303 998861 0.949998 
157 1548781304 18908 0.950007 
145 1548781304 38918 0.949999 
149 1548781304 58976 0.950002 
163 1548781304 79001 0.949995 
157 1548781304 99078 0.949998 
143 1548781304 119074 0.950011 
161 1548781304 139134 0.949994 
157 1548781304 159190 0.949994 
151 1548781304 179201 0.949999 
149 1548781304 199250 0.949996 
135 1548781304 219320 0.950005 
159 1548781304 239331 0.950004 
153 1548781304 259403 0.950000 
163 1548781304 279430 0.949998 
149 1548781304 299442 0.949999 
167 1548781304 319484 0.950004 
155 1548781304 339513 0.950000 
177 1548781304 359588 0.950001 
159 1548781304 379636 0.949993 
157 1548781304 399645 0.949991 
149 1548781304 419728 0.950009 
151 1548781304 439784 0.950018 
163 1548781304 459781 0.949989 
149 1548781304 479826 0.950007 
155 1548781304 499840 0.950006 
161 1548781304 519906 0.950000 
155 1548781304 539950 0.950000 
149 1548781304 559986 0.949996 
153 1548781304 579999 0.949993 
151 1548781304 600073 0.950009 
149 1548781304 620072 0.950007 
155 1548781304 640151 0.949990 
163 1548781304 660187 0.949996 
167 1548781304 680214 0.949993 
155 1548781304 700307 0.949995 
159 1548781304 720300 0.949994 
155 1548781304 740373 0.949994 
159 1548781304 760409 0.949999 
145 1548781304 780411 0.950002 
151 1548781304 800459 0.950005 
153 1548781304 820496 0.949995 
147 1548781304 840541 0.949999 
153 1548781304 860604 0.949999 
165 1548781304 880656 0.949996 
163 1548781304 900726 0.949999 
147 1548781304 920747 0.950000 
153 1548781304 940744 0.949995 
151 1548781304 960802 0.949999 
151 1548781304 980842 0.950004 
151 1548781305 933 0.949999 
153 1548781305 20910 0.950002 
149 1548781305 40970 0.949995 
163 1548781305 61043 0.950000 
155 1548781305 81077 0.949996 
147 1548781305 101087 0.950002 
151 1548781305 121170 0.949998 
141 1548781305 141191 0.950005 
147 1548781305 161245 0.950002 
155 1548781305 181247 0.949994 
159 1548781305 201309 0.949999 
133 1548781305 221370 0.950000 
137 1548781305 241378 0.950007 
147 1548781305 261435 0.949996 
143 1548781305 281449 0.950015 
139 1548781305 301537 0.949995 
153 1548781305 321564 0.950005 
133 1548781305 341579 0.949994 
155 1548781305 361625 0.950006 
147 1548781305 381729 0.949999 
159 1548781305 401747 0.949994 
151 1548781305 421744 0.949995 
135 1548781305 441806 0.949998 
155 1548781305 461875 0.950000 
151 1548781305 481896 0.950001 
149 1548781305 501930 0.949991 
151 1548781305 521979 0.950009 
153 1548781305 542034 0.950011 
149 1548781305 562059 0.950006 
135 1548781305 582079 0.950000 
143 1548781305 602162 0.949999 
159 1548781305 622212 0.950000 
133 1548781305 642230 0.950004 
143 1548781305 662283 0.950000 
153 1548781305 682299 0.950012 
149 1548781305 702360 0.949999 
145 1548781305 722376 0.949999 
151 1548781305 742429 0.949994 
139 1548781305 762461 0.950005 
161 1548781305 782487 0.950004 
147 1548781305 802525 0.949999 
137 1548781305 822557 0.949995 
139 1548781305 842602 0.950002 
141 1548781305 862628 0.949998 
131 1548781305 882722 0.950006 
121 1548781305 902745 0.949996 
141 1548781305 922799 0.949991 
143 1548781305 942846 0.950012 
127 1548781305 962836 0.950021 
141 1548781305 982883 0.950004 
151 1548781306 2958 0.949996 
157 1548781306 23005 0.949994 
115 1548781306 43023 0.950006 
145 1548781306 63067 0.950000 
133 1548781306 83089 0.950010 
131 1548781306 103153 0.950006 
135 1548781306 123180 0.949993 
139 1548781306 143211 0.949993 
123 1548781306 163257 0.950000 
127 1548781306 183305 0.950004 
127 1548781306 203369 0.949993 
129 1548781306 223389 0.950004 
137 1548781306 243408 0.950001 
135 1548781306 263470 0.950005 
119 1548781306 283493 0.950010 
131 1548781306 303544 0.950000 
133 1548781306 323596 0.949998 
141 1548781306 343631 0.949993 
147 1548781306 363677 0.950001 
145 1548781306 383746 0.950012 
131 1548781306 403773 0.949998 
129 1548781306 423783 0.949998 
135 1548781306 443864 0.950007 
127 1548781306 463902 0.950000 
125 1548781306 483912 0.950006 
133 1548781306 503958 0.949989 
133 1548781306 524015 0.949990 
123 1548781306 544041 0.950005 
133 1548781306 564059 0.950009 
123 1548781306 584091 0.949995 
129 1548781306 604162 0.950004 
139 1548781306 624181 0.950001 
133 1548781306 644269 0.950002 
145 1548781306 664298 0.950001 
135 1548781306 684362 0.950001 
131 1548781306 704380 0.950009 
131 1548781306 724436 0.950000 
135 1548781306 744446 0.949995 
129 1548781306 764511 0.949994 
135 1548781306 784523 0.949995 
137 1548781306 804554 0.950006 
133 1548781306 824603 0.949998 
135 1548781306 844630 0.949999 
131 1548781306 864729 0.949998 
145 1548781306 884746 0.949993 
131 1548781306 904779 0.950004 
135 1548781306 924842 0.949998 
141 1548781306 944843 0.950001 
139 1548781306 964894 0.950012 
131 1548781306 984920 0.949994 
119 1548781307 4953 0.950007 
129 1548781307 25044 0.949995 
119 1548781307 45090 0.949999 
135 1548781307 65090 0.949994 
131 1548781307 85120 0.950000 
141 1548781307 105186 0.950004 
131 1548781307 125192 0.950000 
143 1548781307 145242 0.949998 
127 1548781307 165314 0.950002 
139 1548781307 185338 0.950002 
123 1548781307 205381 0.950002 
139 1548781307 225422 0.949998 
135 1548781307 245434 0.949994 
141 1548781307 265486 0.949998 
149 1548781307 285533 0.949996 
137 1548781307 305576 0.950009 
135 1548781307 325596 0.950005 
137 1548781307 345654 0.949999 
133 1548781307 365662 0.949995 
135 1548781307 385775 0.950002 
133 1548781307 405786 0.950004 
137 1548781307 425789 0.949998 
133 1548781307 445858 0.949994 
137 1548781307 465861 0.950005 
137 1548781307 485922 0.950005 
137 1548781307 505937 0.950000 
139 1548781307 526036 0.950004 
129 1548781307 546016 0.949998 
133 1548781307 566065 0.950005 
129 1548781307 586117 0.950012 
135 1548781307 606181 0.949995 
143 1548781307 626192 0.950005 
131 1548781307 646248 0.949989 
141 1548781307 666251 0.950000 
137 1548781307 686307 0.950012 
139 1548781307 706377 0.949995 
139 1548781307 726423 0.949994 
149 1548781307 746439 0.950001 
133 1548781307 766535 0.950001 
145 1548781307 786547 0.949996 
145 1548781307 806534 0.949996 
137 1548781307 826600 0.949996 
137 1548781307 846643 0.950001 
139 1548781307 866679 0.949998 
143 1548781307 886766 0.949985 
127 1548781307 906790 0.949999 
135 1548781307 926800 0.950000 
145 1548781307 946828 0.950001 
145 1548781307 966862 0.949999 
129 1548781307 986911 0.949996 
141 1548781308 6969 0.950002 
141 1548781308 26986 0.950000 
139 1548781308 47045 0.949985 
137 1548781308 67077 0.950001 
135 1548781308 87130 0.949999 
133 1548781308 107146 0.950004 
131 1548781308 127197 0.950007 
153 1548781308 147246 0.950004 
137 1548781308 167271 0.949999 
147 1548781308 187290 0.950000 
145 1548781308 207339 0.949999 
143 1548781308 227362 0.950004 
145 1548781308 247443 0.949999 
155 1548781308 267467 0.950009 
143 1548781308 287529 0.949994 
145 1548781308 307548 0.950000 
139 1548781308 327569 0.949996 
143 1548781308 347608 0.949995 
149 1548781308 367656 0.950004 
141 1548781308 387730 0.950007 
143 1548781308 407730 0.950002 
149 1548781308 427750 0.950004 
135 1548781308 447785 0.949993 
139 1548781308 467840 0.949998 
149 1548781308 487897 0.949999 
153 1548781308 507922 0.950001 
139 1548781308 527982 0.949995 
151 1548781308 548020 0.950000 
145 1548781308 568036 0.950002 
139 1548781308 588069 0.950000 
145 1548781308 608131 0.950002 
133 1548781308 628186 0.949991 
141 1548781308 648187 0.949995 
127 1548781308 668251 0.949998 
147 1548781308 688301 0.950012 
139 1548781308 708325 0.950000 
145 1548781308 728381 0.949994 
157 1548781308 748387 0.950000 
145 1548781308 768462 0.949995 
143 1548781308 788482 0.950000 
143 1548781308 808545 0.950005 
147 1548781308 828530 0.949991 
149 1548781308 848601 0.949999 
147 1548781308 868665 0.949994 
149 1548781308 888649 0.950005 
149 1548781308 908747 0.950005 
153 1548781308 928749 0.949999 
135 1548781308 948769 0.950000 
147 1548781308 968799 0.950010 
135 1548781308 988883 0.949995 
151 1548781309 8920 0.949999 
151 1548781309 28952 0.949999 
129 1548781309 48969 0.950002 
141 1548781309 68999 0.950002 
137 1548781309 89075 0.949994 
145 1548781309 109120 0.950000 
145 1548781309 129153 0.949998 
137 1548781309 149147 0.949999 
135 1548781309 169203 0.950002 
141 1548781309 189294 0.950006 
127 1548781309 209281 0.950001 
149 1548781309 229365 0.949991 
135 1548781309 249356 0.949998 
137 1548781309 269415 0.950004 
133 1548781309 289459 0.949993 
139 1548781309 309465 0.949998 
143 1548781309 329537 0.950006 
143 1548781309 349587 0.949993 
135 1548781309 369601 0.949999 
143 1548781309 389629 0.949998 
133 1548781309 409719 0.950001 
139 1548781309 429748 0.949995 
143 1548781309 449750 0.950000 
149 1548781309 469780 0.949999 
137 1548781309 489849 0.950009 
131 1548781309 509902 0.950002 
137 1548781309 529923 0.950001 
139 1548781309 549969 0.950000 
137 1548781309 569969 0.950000 
137 1548781309 590023 0.949996 
129 1548781309 610058 0.950000 
127 1548781309 630131 0.949994 
133 1548781309 650183 0.950006 
151 1548781309 670206 0.949989 
139 1548781309 690264 0.950011 
139 1548781309 710269 0.949995 
139 1548781309 730312 0.949999 
119 1548781309 750358 0.949995 
131 1548781309 770412 0.950009 
143 1548781309 790450 0.949999 
141 1548781309 810505 0.950000 
131 1548781309 830509 0.950002 
123 1548781309 850768 0.950005 
141 1548781309 870597 0.949996 
127 1548781309 890646 0.950006 
143 1548781309 910686 0.950001 
127 1548781309 930779 0.950004 
133 1548781309 950786 0.950000 
137 1548781309 970783 0.950001 
123 1548781309 990842 0.949993 
135 1548781310 10866 0.949999 
139 1548781310 30923 0.950012 
137 1548781310 50981 0.950009 
131 1548781310 71021 0.949999 
141 1548781310 91074 0.950002 
131 1548781310 111109 0.949996 
143 1548781310 131127 0.950001 
145 1548781310 151194 0.949996 
133 1548781310 171197 0.949998 
135 1548781310 191247 0.950001 
137 1548781310 211292 0.950011 
139 1548781310 231308 0.950004 
127 1548781310 251360 0.950007 
119 1548781310 271398 0.949998 
137 1548781310 291471 0.949996 
127 1548781310 311463 0.949995 
145 1548781310 331508 0.950001 
121 1548781310 351588 0.950011 
131 1548781310 371591 0.950001 
131 1548781310 391633 0.950001 
127 1548781310 411723 0.950001 
123 1548781310 431732 0.949998 
127 1548781310 451751 0.950006 
129 1548781310 471800 0.949993 
133 1548781310 491847 0.950007 
127 1548781310 511878 0.949991 
131 1548781310 531948 0.949999 
139 1548781310 551947 0.949988 
125 1548781310 572002 0.950006 
143 1548781310 592027 0.950011 
135 1548781310 612077 0.949996 
143 1548781310 632138 0.949990 
133 1548781310 652191 0.950001 
135 1548781310 672216 0.949999 
139 1548781310 692260 0.949999 
111 1548781310 712300 0.950006 
127 1548781310 732341 0.949990 
129 1548781310 752357 0.949994 
141 1548781310 772426 0.950009 
125 1548781310 792432 0.949996 
133 1548781310 812507 0.949999 
119 1548781310 832499 0.950004 
123 1548781310 852572 0.949994 
133 1548781310 872585 0.949998 
129 1548781310 892672 0.949991 
135 1548781310 912669 0.950004 
121 1548781310 932730 0.949998 
137 1548781310 952783 0.949996 
133 1548781310 972789 0.950000 
127 1548781310 992855 0.949998 
121 1548781311 12905 0.950006 
135 1548781311 32919 0.949994 
133 1548781311 52965 0.949999 
133 1548781311 73018 0.950000 
129 1548781311 93069 0.950002 
137 1548781311 113127 0.949998 
131 1548781311 133137 0.949993 
137 1548781311 153207 0.949996 
133 1548781311 173214 0.949993 
137 1548781311 193276 0.949999 
137 1548781311 213321 0.950004 
123 1548781311 233323 0.950005 
141 1548781311 253420 0.950002 
139 1548781311 273446 0.949995 
127 1548781311 293484 0.949996 
119 1548781311 313485 0.949999 
125 1548781311 333529 0.950005 
117 1548781311 353569 0.950007 
131 1548781311 373625 0.950002 
121 1548781311 393682 0.949990 
145 1548781311 413730 0.949990 
149 1548781311 433788 0.949998 
127 1548781311 453783 0.950000 
129 1548781311 473842 0.949998 
125 1548781311 493843 0.950000 
117 1548781311 513912 0.949994 
125 1548781311 533986 0.949999 
131 1548781311 554002 0.950012 
137 1548781311 574022 0.950004 
137 1548781311 594091 0.950001 
127 1548781311 614129 0.950004 
123 1548781311 634133 0.949999 
133 1548781311 654197 0.949998 
123 1548781311 674219 0.949996 
137 1548781311 694287 0.950011 
135 1548781311 714311 0.950000 
141 1548781311 734369 0.950006 
133 1548781311 754417 0.949996 
129 1548781311 774437 0.949991 
133 1548781311 794485 0.949996 
147 1548781311 814544 0.949998 
139 1548781311 834581 0.950012 
121 1548781311 854589 0.949998 
131 1548781311 874617 0.950000 
143 1548781311 894683 0.949993 
135 1548781311 914752 0.950002 
139 1548781311 934793 0.949993 
141 1548781311 954781 0.950005 
143 1548781311 974849 0.949998 
145 1548781311 994862 0.950010 
139 1548781312 14902 0.949990 
143 1548781312 34969 0.949996 
129 1548781312 55009 0.950004 
143 1548781312 75021 0.949994 
135 1548781312 95117 0.949994 
135 1548781312 115148 0.949995 
145 1548781312 135155 0.949999 
143 1548781312 155244 0.949995 
151 1548781312 175242 0.949998 
141 1548781312 195276 0.949996 
141 1548781312 215353 0.949999 
133 1548781312 235358 0.949994 
135 1548781312 255398 0.949999 
133 1548781312 275448 0.949998 
133 1548781312 295521 0.950001 
141 1548781312 315562 0.950000 
139 1548781312 335581 0.949999 
135 1548781312 355644 0.949999 
133 1548781312 375656 0.950000 
141 1548781312 395738 0.950000 
139 1548781312 415793 0.949998 
131 1548781312 435803 0.950002 
135 1548781312 455810 0.950001 
131 1548781312 475849 0.950001 
129 1548781312 495903 0.950001 
137 1548781312 515920 0.950005 
127 1548781312 535972 0.950000 
131 1548781312 556027 0.950001 
135 1548781312 576035 0.950001 
139 1548781312 596136 0.950005 
141 1548781312 616151 0.950004 
149 1548781312 636180 0.950001 
143 1548781312 656250 0.949993 
127 1548781312 676265 0.949998 
149 1548781312 696321 0.950011 
135 1548781312 716351 0.950013 
139 1548781312 736415 0.949998 
131 1548781312 756411 0.950006 
147 1548781312 776489 0.949991 
145 1548781312 796484 0.949991 
143 1548781312 816538 0.950005 
143 1548781312 836577 0.950005 
141 1548781312 856614 0.950000 
133 1548781312 876649 0.949996 
129 1548781312 896734 0.950000 
141 1548781312 916783 0.950000 
137 1548781312 936807 0.949990 
141 1548781312 956847 0.950001 
141 1548781312 976868 0.949993 
141 1548781312 996916 0.950004 
139 1548781313 16952 0.950006 
145 1548781313 36987 0.949993 
125 1548781313 57032 0.950000 
143 1548781313 77078 0.949999 
139 1548781313 97150 0.950000 
139 1548781313 117160 0.950000 
143 1548781313 137200 0.949999 
145 1548781313 157277 0.949995 
143 1548781313 177281 0.949998 
137 1548781313 197301 0.950007 
137 1548781313 217384 0.949989 
151 1548781313 237408 0.949998 
139 1548781313 257469 0.949989 
135 1548781313 277499 0.949995 
147 1548781313 297512 0.950002 
139 1548781313 317578 0.949999 
157 1548781313 337615 0.950010 
139 1548781313 357638 0.949991 
147 1548781313 377754 0.950000 
129 1548781313 397795 0.950002 
125 1548781313 417789 0.950001 
145 1548781313 437809 0.950011 
131 1548781313 457848 0.950010 
145 1548781313 477942 0.950001 
131 1548781313 497956 0.950000 
131 1548781313 518017 0.950007 
131 1548781313 538023 0.949995 
137 1548781313 558088 0.949999 
139 1548781313 578115 0.949996 
137 1548781313 598130 0.949999 
141 1548781313 618389 0.949999 
135 1548781313 638254 0.950001 
133 1548781313 658255 0.950000 
125 1548781313 678302 0.949999 
137 1548781313 698353 0.950002 
131 1548781313 718419 0.950007 
143 1548781313 738436 0.950005 
137 1548781313 758505 0.950002 
141 1548781313 778515 0.950001 
131 1548781313 798543 0.950005 
135 1548781313 818614 0.949996 
127 1548781313 838672 0.950002 
141 1548781313 858733 0.949995 
141 1548781313 878753 0.949994 
129 1548781313 898751 0.950002 
131 1548781313 918803 0.949991 
135 1548781313 938861 0.949988 
131 1548781313 958902 0.949998 
135 1548781313 978952 0.950004 
133 1548781313 998961 0.950006 
137 1548781314 19035 0.950004 
139 1548781314 39070 0.949995 
129 1548781314 59135 0.949996 
123 1548781314 79122 0.949994 
129 1548781314 99220 0.949999 
129 1548781314 119212 0.950002 
127 1548781314 139270 0.950002 
135 1548781314 159336 0.949999 
129 1548781314 179341 0.949994 
131 1548781314 199419 0.950012 
127 1548781314 219412 0.949999 
137 1548781314 239484 0.950002 
129 1548781314 259517 0.950000 
117 1548781314 279530 0.950005 
127 1548781314 299628 0.950001 
123 1548781314 319642 0.949994 
125 1548781314 339685 0.950009 
133 1548781314 359756 0.949991 
119 1548781314 379791 0.950010 
125 1548781314 399815 0.949999 
135 1548781314 419867 0.950000 
143 1548781314 439890 0.950001 
127 1548781314 459944 0.949989 
127 1548781314 479987 0.949994 
129 1548781314 499988 0.950001 
131 1548781314 520043 0.950009 
135 1548781314 540067 0.950000 
133 1548781314 560114 0.949990 
135 1548781314 580170 0.950001 
117 1548781314 600189 0.949994 
121 1548781314 620231 0.949994 
129 1548781314 640293 0.950010 
115 1548781314 660360 0.950009 
133 1548781314 680369 0.950001 
129 1548781314 700430 0.950002 
127 1548781314 720493 0.949996 
127 1548781314 740490 0.949999 
127 1548781314 760536 0.950000 
117 1548781314 780600 0.950002 
127 1548781314 800600 0.950001 
131 1548781314 820669 0.949999 
137 1548781314 840736 0.949995 
123 1548781314 860755 0.950005 
125 1548781314 880795 0.950002 
125 1548781314 900845 0.949998 
135 1548781314 920863 0.950005 
125 1548781314 940899 0.950001 
135 1548781314 960969 0.949995 
137 1548781314 981012 0.950000 
125 1548781315 1016 0.950000 
125 1548781315 21056 0.950002 
137 1548781315 41093 0.950011 
105 1548781315 61162 0.950005 
113 1548781315 81201 0.950007 
121 1548781315 101252 0.950004 
125 1548781315 121267 0.950000 
113 1548781315 141318 0.950005 
115 1548781315 161353 0.949998 
127 1548781315 181433 0.950001 
111 1548781315 201416 0.950004 
129 1548781315 221485 0.950004 
127 1548781315 241517 0.950002 
135 1548781315 261566 0.949995 
119 1548781315 281584 0.950005 
135 1548781315 301676 0.949987 
129 1548781315 321736 0.950006 
127 1548781315 341752 0.949996 
121 1548781315 361755 0.950005 
127 1548781315 381809 0.949991 
131 1548781315 401850 0.950001 
127 1548781315 421872 0.949996 
123 1548781315 441928 0.949996 
129 1548781315 461989 0.950001 
121 1548781315 482016 0.949994 
139 1548781315 502037 0.949996 
135 1548781315 522119 0.949998 
123 1548781315 542161 0.949994 
125 1548781315 562206 0.950004 
125 1548781315 582223 0.949996 
119 1548781315 602271 0.950004 
129 1548781315 622287 0.949998 
119 1548781315 642320 0.950001 
143 1548781315 662364 0.950001 
121 1548781315 682439 0.950007 
133 1548781315 702459 0.949994 
147 1548781315 722495 0.949999 
129 1548781315 742571 0.949996 
143 1548781315 762614 0.950002 
155 1548781315 782612 0.950001 
121 1548781315 802664 0.950007 
137 1548781315 822736 0.949989 
153 1548781315 842752 0.950007 
135 1548781315 862791 0.949999 
141 1548781315 882844 0.950004 
143 1548781315 902850 0.949999 
153 1548781315 922928 0.950005 
145 1548781315 942963 0.949993 
145 1548781315 962986 0.950005 
137 1548781315 983017 0.950011 
153 1548781316 3094 0.949996 
141 1548781316 23103 0.949991 
141 1548781316 43182 0.950002 
145 1548781316 63178 0.950007 
143 1548781316 83253 0.950000 
145 1548781316 103313 0.949993 
125 1548781316 123309 0.950000 
139 1548781316 143345 0.950000 
147 1548781316 163408 0.950002 
153 1548781316 183477 0.950002 
151 1548781316 203514 0.949991 
151 1548781316 223521 0.950004 
147 1548781316 243563 0.949999 
155 1548781316 263638 0.950000 
141 1548781316 283672 0.949996 
153 1548781316 303727 0.950002 
147 1548781316 323753 0.950005 
139 1548781316 343794 0.949989 
133 1548781316 363854 0.950001 
125 1548781316 383858 0.950000 
129 1548781316 403911 0.950002 
125 1548781316 423971 0.950000 
119 1548781316 443991 0.950001 
133 1548781316 464048 0.949999 
127 1548781316 484090 0.950006 
135 1548781316 504130 0.950002 
123 1548781316 524152 0.950000 
143 1548781316 544201 0.950010 
135 1548781316 564208 0.949996 
143 1548781316 584277 0.950000 
141 1548781316 604278 0.949996 
139 1548781316 624322 0.950009 
137 1548781316 644418 0.949991 
127 1548781316 664423 0.949996 
127 1548781316 684501 0.949991 
145 1548781316 704507 0.950002 
145 1548781316 724555 0.949996 
137 1548781316 744589 0.949995 
127 1548781316 764665 0.949998 
131 1548781316 784689 0.949998 
141 1548781316 804753 0.950009 
131 1548781316 824753 0.949998 
137 1548781316 844804 0.949995 
135 1548781316 864866 0.950001 
139 1548781316 884901 0.950000 
131 1548781316 904951 0.949991 
139 1548781316 924989 0.949996 
123 1548781316 944990 0.950005 
123 1548781316 965054 0.950000 
121 1548781316 985077 0.949995 
131 1548781317 5139 0.950009 
127 1548781317 25201 0.949996 
135 1548781317 45192 0.949998 
129 1548781317 65239 0.950002 
135 1548781317 85329 0.949999 
127 1548781317 105330 0.949999 
123 1548781317 125404 0.949999 
127 1548781317 145440 0.949994 
129 1548781317 165488 0.949998 
131 1548781317 185482 0.950005 
139 1548781317 205536 0.950006 
139 1548781317 225596 0.950015 
147 1548781317 245601 0.950001 
141 1548781317 265796 0.950000 
137 1548781317 285738 0.950004 
145 1548781317 305787 0.950002 
147 1548781317 325820 0.949995 
123 1548781317 345826 0.950002 
147 1548781317 365850 0.949996 
139 1548781317 385930 0.950010 
135 1548781317 405954 0.949995 
143 1548781317 426022 0.950009 
143 1548781317 446018 0.949994 
135 1548781317 466073 0.949999 
149 1548781317 486135 0.949994 
143 1548781317 506135 0.950001 
157 1548781317 526223 0.949989 
143 1548781317 546246 0.949996 
145 1548781317 566280 0.949995 
143 1548781317 586326 0.950000 
139 1548781317 606386 0.950001 
133 1548781317 626419 0.949985 
149 1548781317 646431 0.950004 
169 1548781317 666462 0.949999 
125 1548781317 686547 0.949991 
145 1548781317 706597 0.950000 
133 1548781317 726598 0.949999 
149 1548781317 746641 0.950004 
139 1548781317 766667 0.949996 
139 1548781317 786754 0.950000 
139 1548781317 806788 0.950004 
131 1548781317 826799 0.950012 
127 1548781317 846878 0.950001 
137 1548781317 866870 0.949996 
137 1548781317 886913 0.950005 
133 1548781317 906991 0.950001 
133 1548781317 926992 0.949990 
133 1548781317 947044 0.950006 
125 1548781317 967100 0.950005 
125 1548781317 987114 0.949993 
133 1548781318 7172 0.950002 
139 1548781318 27189 0.950000 
139 1548781318 47237 0.949999 
129 1548781318 67312 0.950004 
127 1548781318 87372 0.949995 
125 1548781318 107373 0.950001 
125 1548781318 127463 0.950001 
137 1548781318 147444 0.950000 
131 1548781318 167527 0.950002 
139 1548781318 187560 0.950001 
141 1548781318 207598 0.949987 
123 1548781318 227646 0.950002 
129 1548781318 247653 0.950002 
137 1548781318 267754 0.950012 
127 1548781318 287795 0.949995 
139 1548781318 307798 0.949995 
127 1548781318 327845 0.949993 
131 1548781318 347853 0.950001 
121 1548781318 367887 0.950000 
113 1548781318 387971 0.950005 
115 1548781318 408001 0.949998 
129 1548781318 428030 0.950006 
119 1548781318 448098 0.950000 
129 1548781318 468104 0.950002 
131 1548781318 488144 0.949999 
121 1548781318 508227 0.950001 
131 1548781318 528243 0.950001 
129 1548781318 548276 0.949995 
113 1548781318 568340 0.950001 
125 1548781318 588363 0.950011 
127 1548781318 608381 0.950000 
137 1548781318 628466 0.950001 
129 1548781318 648488 0.949991 
129 1548781318 668538 0.949996 
133 1548781318 688557 0.949996 
125 1548781318 708602 0.949993 
131 1548781318 728663 0.950000 
135 1548781318 748739 0.950005 
141 1548781318 768739 0.950004 
121 1548781318 788758 0.950002 
131 1548781318 808817 0.949995 
133 1548781318 828866 0.949998 
131 1548781318 848874 0.950001 
123 1548781318 868922 0.949999 
141 1548781318 888968 0.949995 
121 1548781318 909045 0.949994 
135 1548781318 929043 0.949999 
137 1548781318 949077 0.949994 
151 1548781318 969137 0.950001 
133 1548781318 989155 0.950001 
119 1548781319 9191 0.950001 
137 1548781319 29258 0.950004 
123 1548781319 49294 0.949999 
137 1548781319 69367 0.950004 
127 1548781319 89377 0.949993 
127 1548781319 109397 0.949998 
127 1548781319 129445 0.949999 
121 1548781319 149503 0.950000 
123 1548781319 169498 0.949995 
135 1548781319 189579 0.950002 
127 1548781319 209612 0.950000 
137 1548781319 229659 0.949994 
127 1548781319 249679 0.950000 
137 1548781319 269736 0.949998 
129 1548781319 289795 0.950009 
115 1548781319 309820 0.949994 
121 1548781319 329849 0.950000 
125 1548781319 349860 0.949993 
113 1548781319 369930 0.950001 
125 1548781319 389962 0.949998 
129 1548781319 409971 0.950006 
131 1548781319 430031 0.949990 
125 1548781319 450096 0.950006 
127 1548781319 470130 0.949999 
143 1548781319 490143 0.950001 
127 1548781319 510186 0.949993 
141 1548781319 530210 0.949991 
133 1548781319 550243 0.950002 
135 1548781319 570304 0.950010 
127 1548781319 590326 0.949999 
137 1548781319 610417 0.949996 
127 1548781319 630448 0.949998 
127 1548781319 650475 0.950001 
129 1548781319 670488 0.949995 
137 1548781319 690537 0.950006 
141 1548781319 710611 0.949991 
139 1548781319 730642 0.950011 
125 1548781319 750654 0.949996 
133 1548781319 770740 0.949998 
127 1548781319 790756 0.950000 
141 1548781319 810809 0.950005 
133 1548781319 830806 0.950005 
129 1548781319 850885 0.950011 
137 1548781319 870912 0.949995 
135 1548781319 890963 0.949994 
145 1548781319 911035 0.949999 
133 1548781319 931069 0.950006 
139 1548781319 951116 0.950011 
139 1548781319 971105 0.949994 
127 1548781319 991197 0.949993 
135 1548781320 11184 0.949993 
131 1548781320 31257 0.949996 
137 1548781320 51314 0.950006 
119 1548781320 71317 0.950001 
131 1548781320 91372 0.950009 
135 1548781320 111433 0.949993 
137 1548781320 131484 0.950010 
141 1548781320 151489 0.950001 
151 1548781320 171525 0.950001 
139 1548781320 191555 0.949998 
133 1548781320 211614 0.950004 
129 1548781320 231647 0.949994 
143 1548781320 251737 0.950005 
147 1548781320 271756 0.949996 
125 1548781320 291799 0.950001 
113 1548781320 311799 0.950001 
137 1548781320 331865 0.950004 
141 1548781320 351932 0.950009 
131 1548781320 372002 0.950000 
149 1548781320 391968 0.949990 
133 1548781320 412031 0.950009 
125 1548781320 432079 0.950004 
151 1548781320 452087 0.950005 
141 1548781320 472143 0.949995 
133 1548781320 492208 0.950000 
131 1548781320 512239 0.949996 
143 1548781320 532254 0.950001 
147 1548781320 552338 0.950007 
143 1548781320 572349 0.949998 
149 1548781320 592382 0.950002 
135 1548781320 612466 0.949999 
147 1548781320 632478 0.950000 
147 1548781320 652546 0.950005 
147 1548781320 672530 0.950000 
145 1548781320 692608 0.949999 
143 1548781320 712655 0.949996 
131 1548781320 732694 0.949996 
127 1548781320 752756 0.950013 
139 1548781320 772757 0.949993 
135 1548781320 792795 0.950002 
135 1548781320 812815 0.950002 
129 1548781320 832862 0.950000 
141 1548781320 852910 0.949995 
147 1548781320 872970 0.949993 
143 1548781320 892975 0.949999 
141 1548781320 913043 0.950006 
145 1548781320 933084 0.950001 
143 1548781320 953148 0.950001 
133 1548781320 973138 0.950001 
151 1548781320 993238 0.950005 
151 1548781321 13224 0.949990 
149 1548781321 33309 0.949995 
131 1548781321 53304 0.949990 
153 1548781321 73367 0.950005 
133 1548781321 93381 0.949994 
123 1548781321 113472 0.950002 
143 1548781321 133498 0.949994 
139 1548781321 153500 0.949999 
131 1548781321 173547 0.950007 
147 1548781321 193640 0.950000 
127 1548781321 213638 0.950011 
139 1548781321 233678 0.949991 
127 1548781321 253738 0.949999 
141 1548781321 273789 0.950007 
133 1548781321 293818 0.950000 
137 1548781321 313967 0.950005 
139 1548781321 333914 0.949991 
147 1548781321 353908 0.950001 
147 1548781321 373957 0.949993 
135 1548781321 394042 0.950006 
145 1548781321 414051 0.949999 
139 1548781321 434071 0.950005 
131 1548781321 454156 0.949995 
133 1548781321 474196 0.950004 
137 1548781321 494202 0.950002 
139 1548781321 514288 0.950002 
151 1548781321 534321 0.949996 
139 1548781321 554329 0.949998 
133 1548781321 574383 0.950004 
137 1548781321 594421 0.950006 
141 1548781321 614477 0.950000 
145 1548781321 634532 0.950000 
145 1548781321 654551 0.950009 
131 1548781321 674615 0.950000 
123 1548781321 694631 0.949990 
131 1548781321 714730 0.949998 
131 1548781321 734760 0.950018 
145 1548781321 754795 0.950004 
127 1548781321 774813 0.949995 
129 1548781321 794854 0.950005 
137 1548781321 814854 0.949994 
133 1548781321 834927 0.950009 
131 1548781321 854971 0.949999 
157 1548781321 874974 0.950001 
135 1548781321 895013 0.950004 
139 1548781321 915055 0.950002 
137 1548781321 935145 0.950004 
137 1548781321 955128 0.950001 
133 1548781321 975217 0.950001 
131 1548781321 995254 0.949996 
135 1548781322 15250 0.950001 
141 1548781322 35308 0.950002 
133 1548781322 55378 0.949996 
139 1548781322 75413 0.950001 
143 1548781322 95433 0.950001 
135 1548781322 115477 0.950005 
131 1548781322 135495 0.950002 
135 1548781322 155578 0.950004 
139 1548781322 175743 0.949993 
133 1548781322 195670 0.950002 
137 1548781322 215659 0.950011 
135 1548781322 235760 0.949998 
123 1548781322 255792 0.949988 
131 1548781322 275801 0.950001 
127 1548781322 295873 0.949998 
125 1548781322 315874 0.950012 
137 1548781322 335929 0.949991 
143 1548781322 355967 0.949996 
131 1548781322 375991 0.949998 
137 1548781322 396067 0.949996 
141 1548781322 416072 0.950000 
135 1548781322 436146 0.949991 
119 1548781322 456194 0.949995 
125 1548781322 476220 0.950001 
117 1548781322 496265 0.950006 
139 1548781322 516328 0.950012 
131 1548781322 536320 0.949993 
141 1548781322 556355 0.949991 
133 1548781322 576389 0.949998 
131 1548781322 596435 0.950002 
125 1548781322 616462 0.950007 
127 1548781322 636559 0.949996 
129 1548781322 656606 0.950000 
131 1548781322 676625 0.949998 
127 1548781322 696667 0.950007 
139 1548781322 716743 0.949994 
123 1548781322 736789 0.950000 
141 1548781322 756762 0.950005 
123 1548781322 776803 0.949999 
127 1548781322 796849 0.950004 
135 1548781322 816937 0.949996 
123 1548781322 836967 0.949998 
115 1548781322 856994 0.949998 
143 1548781322 877033 0.950002 
137 1548781322 897080 0.950002 
131 1548781322 917095 0.950001 
137 1548781322 937161 0.949996 
133 1548781322 957206 0.949995 
133 1548781322 977218 0.950007 
141 1548781322 997298 0.949990 
125 1548781323 17307 0.949999 
131 1548781323 37373 0.949999 
137 1548781323 57384 0.950000 
125 1548781323 77451 0.950002 
125 1548781323 97505 0.949998 
127 1548781323 117500 0.949996 
127 1548781323 137565 0.950001 
125 1548781323 157595 0.950006 
121 1548781323 177640 0.949996 
125 1548781323 197743 0.950000 
137 1548781323 217760 0.949998 
133 1548781323 237764 0.949994 
133 1548781323 257817 0.950006 
149 1548781323 277856 0.949998 
135 1548781323 297875 0.950004 
123 1548781323 317913 0.949991 
125 1548781323 337967 0.950005 
135 1548781323 358036 0.949995 
123 1548781323 378081 0.950007 
123 1548781323 398098 0.950012 
125 1548781323 418154 0.949995 
131 1548781323 438207 0.949989 
137 1548781323 458214 0.949989 
145 1548781323 478283 0.949993 
135 1548781323 498325 0.950015 
133 1548781323 518326 0.950007 
123 1548781323 538427 0.950000 
129 1548781323 558423 0.949994 
137 1548781323 578462 0.950015 
129 1548781323 598512 0.950004 
127 1548781323 618544 0.950006 
139 1548781323 638629 0.949990 
127 1548781323 658658 0.950002 
123 1548781323 678731 0.950004 
137 1548781323 698762 0.950005 
137 1548781323 718796 0.950001 
141 1548781323 738811 0.950005 
125 1548781323 758858 0.950000 
135 1548781323 778890 0.950001 
143 1548781323 798924 0.949999 
137 1548781323 818964 0.949998 
131 1548781323 839016 0.949994 
135 1548781323 859079 0.950000 
137 1548781323 879110 0.949995 
133 1548781323 899163 0.950004 
129 1548781323 919194 0.950004 
127 1548781323 939194 0.950009 
129 1548781323 959254 0.950010 
135 1548781323 979320 0.950000 
141 1548781323 999338 0.949998 
137 1548781324 19370 0.950012 
123 1548781324 39445 0.949990 
129 1548781324 59457 0.950001 
131 1548781324 79517 0.949993 
119 1548781324 99545 0.949998 
127 1548781324 119579 0.950015 
127 1548781324 139649 0.949994 
133 1548781324 159698 0.950001 
125 1548781324 179694 0.950001 
135 1548781324 199802 0.950006 
135 1548781324 219803 0.950010 
137 1548781324 239859 0.949996 
127 1548781324 259872 0.949988 
137 1548781324 279901 0.949998 
131 1548781324 299975 0.950005 
135 1548781324 320019 0.950006 
127 1548781324 340044 0.950006 
135 1548781324 360113 0.949998 
135 1548781324 380108 0.949993 
137 1548781324 400192 0.950006 
129 1548781324 420208 0.950000 
133 1548781324 440252 0.949996 
123 1548781324 460283 0.950000 
121 1548781324 480317 0.949998 
119 1548781324 500415 0.950007 
133 1548781324 520404 0.949999 
131 1548781324 540427 0.950005 
123 1548781324 560481 0.950002 
129 1548781324 580519 0.950000 
127 1548781324 600553 0.950000 
127 1548781324 620596 0.950004 
137 1548781324 640653 0.950004 
125 1548781324 660741 0.950004 
127 1548781324 680740 0.949999 
147 1548781324 700819 0.950001 
149 1548781324 720851 0.950001 
143 1548781324 740876 0.949995 
135 1548781324 760909 0.950010 
139 1548781324 780974 0.949996 
125 1548781324 800993 0.949994 
129 1548781324 821039 0.949993 
125 1548781324 841088 0.950001 
141 1548781324 861153 0.949999 
137 1548781324 881188 0.950000 
147 1548781324 901222 0.950005 
127 1548781324 921259 0.950005 
137 1548781324 941261 0.949996 
147 1548781324 961357 0.949998 
153 1548781324 981386 0.950000 
123 1548781325 1394 0.950007 
139 1548781325 21514 0.949998 
127 1548781325 41512 0.950001 
137 1548781325 61525 0.949996 
143 1548781325 81575 0.949995 
127 1548781325 101612 0.950002 
137 1548781325 121679 0.950002 
131 1548781325 141685 0.949998 
121 1548781325 161796 0.950000 
121 1548781325 181824 0.950000 
135 1548781325 201841 0.950001 
127 1548781325 221858 0.950001 
127 1548781325 241933 0.950000 
143 1548781325 261936 0.950000 
139 1548781325 282021 0.949994 
131 1548781325 302019 0.950006 
131 1548781325 322101 0.949995 
121 1548781325 342116 0.950000 
137 1548781325 362146 0.950011 
137 1548781325 382223 0.950001 
125 1548781325 402222 0.950000 
143 1548781325 422305 0.949995 
137 1548781325 442352 0.949996 
137 1548781325 462364 0.949996 
139 1548781325 482419 0.950001 
143 1548781325 502460 0.950004 
133 1548781325 522495 0.950002 
145 1548781325 542536 0.950006 
131 1548781325 562594 0.950002 
135 1548781325 582606 0.949993 
137 1548781325 602629 0.950007 
133 1548781325 622678 0.950000 
145 1548781325 642738 0.950000 
141 1548781325 662801 0.949996 
143 1548781325 682820 0.949999 
115 1548781325 702858 0.949999 
131 1548781325 722905 0.949999 
135 1548781325 742966 0.949998 
147 1548781325 762977 0.950001 
137 1548781325 783038 0.950000 
131 1548781325 803083 0.950011 
137 1548781325 823134 0.950000 
129 1548781325 843133 0.950002 
133 1548781325 863162 0.949993 
135 1548781325 883256 0.950011 
141 1548781325 903265 0.949990 
119 1548781325 923323 0.950000 
133 1548781325 943367 0.950002 
133 1548781325 963426 0.949995 
141 1548781325 983415 0.950002 
137 1548781326 3504 0.950007 
139 1548781326 23513 0.950005 
141 1548781326 43540 0.950002 
131 1548781326 63576 0.950001 
123 1548781326 83660 0.950007 
135 1548781326 103658 0.950005 
137 1548781326 123760 0.950000 
131 1548781326 143805 0.949999 
139 1548781326 163820 0.949996 
127 1548781326 183857 0.949999 
131 1548781326 203918 0.950005 
141 1548781326 223923 0.949994 
135 1548781326 243947 0.949996 
135 1548781326 264019 0.949987 
123 1548781326 284075 0.950000 
133 1548781326 304096 0.950010 
135 1548781326 324143 0.949995 
123 1548781326 344169 0.950000 
129 1548781326 364204 0.950004 
133 1548781326 384259 0.950004 
123 1548781326 404313 0.949998 
125 1548781326 424320 0.950006 
127 1548781326 444403 0.950002 
139 1548781326 464441 0.949993 
129 1548781326 484504 0.950011 
131 1548781326 504495 0.949998 
125 1548781326 524573 0.949990 
119 1548781326 544600 0.949996 
135 1548781326 564612 0.950005 
113 1548781326 584685 0.950002 
135 1548781326 604745 0.949999 
137 1548781326 624764 0.949999 
127 1548781326 644829 0.949995 
133 1548781326 664858 0.950001 
137 1548781326 684878 0.949995 
127 1548781326 704936 0.950002 
115 1548781326 724987 0.949998 
127 1548781326 745014 0.950006 
121 1548781326 765017 0.950001 
117 1548781326 785055 0.949999 
119 1548781326 805111 0.950000 
117 1548781326 825152 0.949996 
129 1548781326 845223 0.949999 
127 1548781326 865267 0.949994 
129 1548781326 885325 0.950001 
121 1548781326 905371 0.950000 
129 1548781326 925355 0.950001 
119 1548781326 945410 0.949995 
131 1548781326 965473 0.949995 
143 1548781326 985507 0.950001 
139 1548781327 5535 0.950004 
121 1548781327 25603 0.949994 
129 1548781327 45693 0.949998 
127 1548781327 65699 0.950000 
125 1548781327 85743 0.950001 
141 1548781327 105799 0.950005 
131 1548781327 125818 0.950002 
129 1548781327 145834 0.950002 
135 1548781327 165872 0.949994 
121 1548781327 185937 0.949998 
129 1548781327 205939 0.950004 
115 1548781327 225996 0.950001 
123 1548781327 246021 0.950000 
137 1548781327 266102 0.949996 
133 1548781327 286141 0.949994 
137 1548781327 306167 0.950000 
115 1548781327 326188 0.950004 
121 1548781327 346233 0.949995 
125 1548781327 366275 0.949995 
123 1548781327 386352 0.949999 
127 1548781327 406388 0.950011 
127 1548781327 426441 0.950011 
131 1548781327 446427 0.949999 
133 1548781327 466476 0.950005 
127 1548781327 486540 0.949999 
129 1548781327 506574 0.950009 
137 1548781327 526617 0.949995 
139 1548781327 546625 0.949993 
141 1548781327 566688 0.949998 
125 1548781327 586734 0.950000 
131 1548781327 606750 0.949995 
135 1548781327 626808 0.950000 
133 1548781327 646852 0.950000 
127 1548781327 666880 0.949996 
119 1548781327 686937 0.949993 
127 1548781327 706967 0.950004 
125 1548781327 727055 0.949999 
131 1548781327 747085 0.950002 
141 1548781327 767092 0.950004 
123 1548781327 787152 0.949996 
127 1548781327 807147 0.949995 
121 1548781327 827189 0.950006 
137 1548781327 847257 0.949998 
137 1548781327 867278 0.949996 
129 1548781327 887307 0.950005 
149 1548781327 907398 0.950004 
123 1548781327 927377 0.950002 
127 1548781327 947464 0.950000 
125 1548781327 967454 0.950004 
141 1548781327 987485 0.950002 
131 1548781328 7544 0.950015 
139 1548781328 27578 0.949998 
121 1548781328 47612 0.949993 
145 1548781328 67672 0.950000 
133 1548781328 87746 0.950004 
129 1548781328 107762 0.950009 
135 1548781328 127804 0.949998 
139 1548781328 147859 0.949994 
143 1548781328 167879 0.949999 
133 1548781328 187919 0.950005 
137 1548781328 207967 0.949993 
143 1548781328 227988 0.950013 
135 1548781328 248048 0.949994 
145 1548781328 268058 0.949998 
133 1548781328 288135 0.950005 
125 1548781328 308163 0.950004 
133 1548781328 328190 0.950001 
149 1548781328 348266 0.950001 
117 1548781328 368265 0.950000 
129 1548781328 388323 0.950001 
133 1548781328 408383 0.949996 
131 1548781328 428390 0.949998 
135 1548781328 448424 0.950000 
131 1548781328 468496 0.950005 
123 1548781328 488553 0.950000 
139 1548781328 508548 0.950006 
131 1548781328 528615 0.949990 
151 1548781328 548661 0.949995 
137 1548781328 568668 0.950004 
125 1548781328 588762 0.950009 
131 1548781328 608803 0.949998 
143 1548781328 628822 0.950000 
149 1548781328 648860 0.950002 
141 1548781328 668919 0.949995 
141 1548781328 688959 0.950001 
143 1548781328 708969 0.950005 
133 1548781328 729032 0.950000 
145 1548781328 749082 0.949999 
149 1548781328 769092 0.950009 
141 1548781328 789114 0.950007 
143 1548781328 809206 0.949995 
127 1548781328 829228 0.950004 
147 1548781328 849284 0.950009 
131 1548781328 869315 0.950007 
139 1548781328 889345 0.949998 
131 1548781328 909427 0.949995 
133 1548781328 929454 0.950000 
141 1548781328 949440 0.950007 
153 1548781328 969498 0.949989 
133 1548781328 989540 0.950002 
133 1548781329 9594 0.949994 
141 1548781329 29625 0.949998 
135 1548781329 49657 0.950006 
135 1548781329 69689 0.950001 
143 1548781329 89766 0.950000 
145 1548781329 109763 0.949994 
141 1548781329 129825 0.950000 
133 1548781329 149863 0.949998 
131 1548781329 169913 0.949993 
147 1548781329 189981 0.950000 
129 1548781329 209984 0.950007 
141 1548781329 230040 0.949995 
137 1548781329 250097 0.950001 
137 1548781329 270103 0.949996 
127 1548781329 290182 0.949996 
149 1548781329 310177 0.949994 
135 1548781329 330225 0.950007 
131 1548781329 350288 0.950001 
123 1548781329 370313 0.950001 
139 1548781329 390386 0.949998 
137 1548781329 410395 0.950000 
133 1548781329 430414 0.949995 
135 1548781329 450463 0.950000 
137 1548781329 470512 0.949999 
145 1548781329 490588 0.949999 
135 1548781329 510625 0.949991 
139 1548781329 530645 0.950011 
127 1548781329 550671 0.950010 
131 1548781329 570735 0.949999 
145 1548781329 590779 0.950000 
141 1548781329 610800 0.950004 
133 1548781329 630861 0.950000 
137 1548781329 650879 0.950001 
141 1548781329 670916 0.950000 
145 1548781329 690969 0.950000 
125 1548781329 711043 0.950005 
147 1548781329 731084 0.949996 
147 1548781329 751096 0.950001 
131 1548781329 771144 0.950002 
141 1548781329 791202 0.950004 
137 1548781329 811211 0.949995 
141 1548781329 831258 0.950005 
129 1548781329 851288 0.949994 
121 1548781329 871348 0.949998 
139 1548781329 891371 0.950001 
125 1548781329 911465 0.950000 
145 1548781329 931500 0.949998 
139 1548781329 951545 0.949995 
131 1548781329 971571 0.950012 
135 1548781329 991610 0.950001 
129 1548781330 11637 0.949998 
141 1548781330 31676 0.950000 
129 1548781330 51766 0.950001 
139 1548781330 71786 0.949996 
131 1548781330 91807 0.949998 
129 1548781330 111860 0.949991 
127 1548781330 131882 0.949995 
119 1548781330 151941 0.949999 
141 1548781330 172003 0.950013 
129 1548781330 192026 0.950010 
123 1548781330 212037 0.949990 
141 1548781330 232112 0.949987 
129 1548781330 252139 0.949999 
131 1548781330 272163 0.950015 
135 1548781330 292202 0.949990 
139 1548781330 312287 0.949999 
129 1548781330 332289 0.950002 
129 1548781330 352345 0.950000 
123 1548781330 372373 0.950005 
125 1548781330 392452 0.950000 
121 1548781330 412481 0.949999 
127 1548781330 432506 0.950005 
139 1548781330 452567 0.950004 
123 1548781330 472580 0.949995 
113 1548781330 492659 0.949999 
129 1548781330 512659 0.950001 
117 1548781330 532764 0.950015 
119 1548781330 552766 0.950000 
123 1548781330 572808 0.950002 
143 1548781330 592824 0.949995 
125 1548781330 612883 0.949996 
131 1548781330 632910 0.950007 
143 1548781330 652981 0.949994 
123 1548781330 672990 0.949995 
131 1548781330 693018 0.950005 
135 1548781330 713101 0.950010 
141 1548781330 733128 0.950000 
131 1548781330 753154 0.950004 
115 1548781330 773209 0.950002 
125 1548781330 793257 0.950002 
125 1548781330 813257 0.950005 
133 1548781330 833343 0.950000 
125 1548781330 853367 0.949989 
133 1548781330 873400 0.950006 
125 1548781330 893439 0.949999 
117 1548781330 913502 0.949995 
121 1548781330 933499 0.949991 
135 1548781330 953590 0.950005 
127 1548781330 973596 0.949998 
135 1548781330 993622 0.950000 
135 1548781331 13702 0.949994 
117 1548781331 33751 0.949998 
119 1548781331 53767 0.949999 
121 1548781331 73808 0.949999 
117 1548781331 93883 0.950001 
125 1548781331 113921 0.950005 
109 1548781331 133915 0.949995 
121 1548781331 153969 0.950002 
127 1548781331 173997 0.950005 
123 1548781331 194079 0.950009 
123 1548781331 214093 0.949995 
131 1548781331 234133 0.950009 
129 1548781331 254172 0.949996 
123 1548781331 274229 0.950007 
127 1548781331 294250 0.950001 
123 1548781331 314307 0.950007 
139 1548781331 334382 0.949996 
129 1548781331 354416 0.949995 
123 1548781331 374433 0.949995 
125 1548781331 394490 0.950001 
117 1548781331 414530 0.950006 
125 1548781331 434577 0.949995 
147 1548781331 454562 0.949995 
121 1548781331 474617 0.950000 
125 1548781331 494689 0.950001 
113 1548781331 514767 0.950012 
131 1548781331 534794 0.950004 
121 1548781331 554808 0.950002 
127 1548781331 574866 0.949999 
135 1548781331 594884 0.950009 
129 1548781331 614925 0.949999 
135 1548781331 634945 0.950004 
123 1548781331 654964 0.949991 
123 1548781331 675040 0.950004 
125 1548781331 695095 0.949991 
123 1548781331 715140 0.950002 
141 1548781331 735142 0.950005 
129 1548781331 755174 0.950000 
121 1548781331 775234 0.950001 
129 1548781331 795258 0.949999 
123 1548781331 815339 0.949993 
127 1548781331 835344 0.949998 
117 1548781331 855408 0.949996 
105 1548781331 875431 0.950004 
111 1548781331 895513 0.949993 
99 1548781331 915519 0.949995 
101 1548781331 935559 0.950011 
103 1548781331 955593 0.950007 
97 1548781331 975648 0.949985 
117 1548781331 995749 0.950000 
139 1548781332 15749 0.949996 
123 1548781332 35766 0.950006 
119 1548781332 55828 0.949996 
101 1548781332 75892 0.950007 
123 1548781332 95882 0.949996 
111 1548781332 115916 0.950002 
111 1548781332 136010 0.949993 
111 1548781332 156021 0.949995 
115 1548781332 176051 0.950000 
109 1548781332 196089 0.950000 
117 1548781332 216167 0.949995 
117 1548781332 236165 0.949999 
123 1548781332 256208 0.950001 
119 1548781332 276257 0.950001 
133 1548781332 296313 0.950000 
121 1548781332 316332 0.949990 
133 1548781332 336392 0.949998 
125 1548781332 356423 0.950010 
119 1548781332 376484 0.949998 
141 1548781332 396532 0.950004 
139 1548781332 416555 0.950002 
131 1548781332 436611 0.949998 
127 1548781332 456614 0.950004 
129 1548781332 476701 0.950004 
133 1548781332 496747 0.950009 
121 1548781332 516766 0.949999 
133 1548781332 536798 0.949999 
125 1548781332 556827 0.950001 
127 1548781332 576877 0.949994 
123 1548781332 596899 0.949998 
121 1548781332 616932 0.949991 
131 1548781332 636991 0.949996 
125 1548781332 657042 0.950002 
123 1548781332 677082 0.950007 
109 1548781332 697098 0.949993 
105 1548781332 717175 0.949998 
111 1548781332 737193 0.950013 
117 1548781332 757222 0.949998 
113 1548781332 777256 0.949994 
103 1548781332 797308 0.949996 
71 1548781332 817359 0.950001 
63 1548781332 837409 0.949995 
73 1548781332 857453 0.950002 
97 1548781332 877442 0.950000 
103 1548781332 897498 0.949996 
101 1548781332 917541 0.950006 
123 1548781332 937607 0.949995 
119 1548781332 957631 0.949996 
131 1548781332 977681 0.949996 
125 1548781332 997738 0.949995 
131 1548781333 17761 0.950002 
135 1548781333 37782 0.949998 
119 1548781333 57799 0.949996 
127 1548781333 77896 0.949988 
131 1548781333 97941 0.950011 
133 1548781333 117940 0.949996 
137 1548781333 137970 0.949991 
137 1548781333 158031 0.949995 
133 1548781333 178062 0.949994 
133 1548781333 198118 0.950009 
125 1548781333 218171 0.950005 
97 1548781333 238183 0.950000 
105 1548781333 258224 0.949991 
101 1548781333 278268 0.949988 
95 1548781333 298294 0.949998 
101 1548781333 318378 0.950011 
107 1548781333 338400 0.950000 
125 1548781333 358459 0.949995 
141 1548781333 378502 0.949991 
119 1548781333 398524 0.950002 
117 1548781333 418558 0.949996 
131 1548781333 438607 0.949996 
105 1548781333 458657 0.950005 
99 1548781333 478685 0.950006 
75 1548781333 498769 0.950006 
65 1548781333 518801 0.950007 
75 1548781333 538846 0.950010 
71 1548781333 558881 0.950004 
69 1548781333 578925 0.950010 
79 1548781333 598914 0.950000 
103 1548781333 618982 0.950011 
97 1548781333 639006 0.949991 
93 1548781333 659075 0.949991 
111 1548781333 679118 0.949998 
117 1548781333 699159 0.950009 
117 1548781333 719194 0.950005 
131 1548781333 739202 0.949994 
125 1548781333 759269 0.950001 
161 1548781333 779327 0.950001 
165 1548781333 799328 0.950005 
157 1548781333 819385 0.950009 
165 1548781333 839465 0.949996 
151 1548781333 859500 0.950010 
153 1548781333 879491 0.950001 
167 1548781333 899575 0.949998 
161 1548781333 919576 0.950006 
153 1548781333 939665 0.950006 
153 1548781333 959669 0.950001 
151 1548781333 979748 0.949998 
135 1548781333 999804 0.949999 
131 1548781334 19826 0.950005 
129 1548781334 39858 0.949999 
131 1548781334 59867 0.950001 
131 1548781334 79943 0.950005 
143 1548781334 99993 0.949993 
147 1548781334 120000 0.950000 
161 1548781334 140025 0.950007 
171 1548781334 160098 0.950004 
181 1548781334 180138 0.949995 
163 1548781334 200148 0.949998 
181 1548781334 220189 0.950002 
147 1548781334 240273 0.950011 
121 1548781334 260280 0.950005 
109 1548781334 280343 0.949996 
115 1548781334 300377 0.950000 
127 1548781334 320385 0.950004 
147 1548781334 340436 0.950004 
171 1548781334 360482 0.949998 
177 1548781334 380559 0.949985 
171 1548781334 400558 0.949998 
163 1548781334 420625 0.950005 
159 1548781334 440649 0.949999 
155 1548781334 460658 0.949996 
155 1548781334 480758 0.949998 
155 1548781334 500755 0.950001 
167 1548781334 520800 0.950004 
153 1548781334 540827 0.949998 
151 1548781334 560874 0.949996 
163 1548781334 580933 0.950006 
137 1548781334 600964 0.950001 
163 1548781334 621023 0.949998 
165 1548781334 641091 0.950005 
145 1548781334 661131 0.950001 
147 1548781334 681175 0.949998 
137 1548781334 701209 0.950009 
131 1548781334 721215 0.950004 
133 1548781334 741269 0.949996 
135 1548781334 761340 0.950000 
121 1548781334 781388 0.950002 
135 1548781334 801388 0.950000 
137 1548781334 821434 0.950011 
135 1548781334 841469 0.949996 
133 1548781334 861503 0.949990 
147 1548781334 881546 0.949998 
137 1548781334 901610 0.950006 
129 1548781334 921666 0.950005 
139 1548781334 941740 0.950001 
133 1548781334 961745 0.949996 
135 1548781334 981770 0.949999 
127 1548781335 1805 0.950005 
95 1548781335 21885 0.950006 
105 1548781335 41911 0.950002 
127 1548781335 61954 0.949996 
131 1548781335 81982 0.949996 
127 1548781335 102034 0.949994 
137 1548781335 122094 0.950002 
149 1548781335 142121 0.950001 
139 1548781335 162163 0.949993 
161 1548781335 182212 0.949988 
137 1548781335 202192 0.949999 
165 1548781335 222245 0.950000 
139 1548781335 242333 0.950017 
145 1548781335 262328 0.949991 
145 1548781335 282417 0.950007 
151 1548781335 302408 0.949985 
137 1548781335 322506 0.949998 
157 1548781335 342511 0.949995 
147 1548781335 362553 0.950005 
143 1548781335 382578 0.950000 
133 1548781335 402616 0.950002 
131 1548781335 422741 0.950001 
135 1548781335 442752 0.950002 
135 1548781335 462768 0.950000 
143 1548781335 482809 0.950001 
129 1548781335 502858 0.949994 
143 1548781335 522862 0.950006 
141 1548781335 542915 0.950007 
151 1548781335 562990 0.950004 
137 1548781335 582993 0.949991 
143 1548781335 603057 0.950004 
135 1548781335 623078 0.949998 
139 1548781335 643165 0.950004 
139 1548781335 663157 0.950005 
143 1548781335 683255 0.949990 
123 1548781335 703276 0.949989 
127 1548781335 723293 0.949996 
133 1548781335 743338 0.950002 
119 1548781335 763383 0.949993 
119 1548781335 783410 0.950000 
121 1548781335 803449 0.949995 
139 1548781335 823539 0.949995 
137 1548781335 843562 0.950010 
135 1548781335 863582 0.950006 
123 1548781335 883660 0.950011 
129 1548781335 903692 0.949996 
131 1548781335 923769 0.949994 
135 1548781335 943802 0.950005 
141 1548781335 963826 0.950002 
125 1548781335 983868 0.949999 
143 1548781336 3859 0.949995 
147 1548781336 23946 0.949998 
141 1548781336 43992 0.950007 
127 1548781336 63989 0.949995 
139 1548781336 84041 0.950006 
141 1548781336 104117 0.950002 
125 1548781336 124115 0.950000 
135 1548781336 144164 0.950002 
127 1548781336 164199 0.950004 
135 1548781336 184248 0.949998 
131 1548781336 204293 0.949998 
141 1548781336 224325 0.949994 
145 1548781336 244386 0.950009 
143 1548781336 264410 0.949996 
135 1548781336 284448 0.949987 
145 1548781336 304494 0.950001 
123 1548781336 324536 0.950005 
125 1548781336 344625 0.950011 
139 1548781336 364621 0.949984 
123 1548781336 384678 0.949991 
119 1548781336 404750 0.950002 
133 1548781336 424769 0.949998 
139 1548781336 444830 0.950010 
125 1548781336 464825 0.949996 
129 1548781336 484889 0.949987 
121 1548781336 504904 0.949993 
131 1548781336 524983 0.950013 
127 1548781336 545033 0.950002 
131 1548781336 565045 0.950000 
139 1548781336 585091 0.949993 
123 1548781336 605121 0.950002 
143 1548781336 625170 0.950005 
143 1548781336 645214 0.950002 
137 1548781336 665293 0.949996 
135 1548781336 685285 0.950001 
139 1548781336 705328 0.950004 
147 1548781336 725410 0.950002 
127 1548781336 745453 0.950001 
119 1548781336 765453 0.949999 
131 1548781336 785536 0.949993 
135 1548781336 805583 0.949999 
133 1548781336 825642 0.949998 
127 1548781336 845634 0.949995 
139 1548781336 865673 0.950001 
141 1548781336 885769 0.949993 
135 1548781336 905807 0.949993 
133 1548781336 925843 0.950001 
135 1548781336 945892 0.950010 
141 1548781336 965882 0.950004 
137 1548781336 985936 0.949989 
133 1548781337 5982 0.950002 
123 1548781337 26017 0.950010 
131 1548781337 46061 0.950009 
135 1548781337 66104 0.950001 
129 1548781337 86163 0.949988 
129 1548781337 106204 0.949996 
125 1548781337 126222 0.950001 
123 1548781337 146286 0.950011 
133 1548781337 166331 0.950001 
139 1548781337 186387 0.949998 
125 1548781337 206420 0.949999 
129 1548781337 226469 0.949998 
137 1548781337 246484 0.950002 
131 1548781337 266543 0.949995 
133 1548781337 286568 0.949996 
135 1548781337 306611 0.950007 
133 1548781337 326669 0.950007 
143 1548781337 346693 0.949998 
143 1548781337 366751 0.949995 
129 1548781337 386772 0.950004 
143 1548781337 406828 0.950001 
133 1548781337 426881 0.950009 
119 1548781337 446886 0.949995 
129 1548781337 466944 0.949993 
133 1548781337 486975 0.949993 
135 1548781337 507036 0.949996 
125 1548781337 527064 0.949989 
141 1548781337 547074 0.949999 
129 1548781337 567115 0.950004 
141 1548781337 587176 0.950007 
133 1548781337 607216 0.949984 
139 1548781337 627236 0.950006 
131 1548781337 647382 0.949995 
133 1548781337 667381 0.949996 