18171 1548779615 99583 0.848927 
17179 1548779615 108489 0.847904 
15947 1548779615 128541 0.851500 
15897 1548779615 148601 0.849409 
16051 1548779615 168643 0.850864 
16403 1548779615 188733 0.850167 
16449 1548779615 208683 0.850686 
15711 1548779615 228793 0.850591 
16747 1548779615 248789 0.850754 
17053 1548779615 268826 0.850848 
17957 1548779615 288884 0.850945 
14629 1548779615 308911 0.851053 
17573 1548779615 328972 0.851151 
16587 1548779615 348981 0.851249 
14811 1548779615 368998 0.851356 
18315 1548779615 389083 0.851442 
15675 1548779615 409097 0.851569 
15745 1548779615 429155 0.851632 
17895 1548779615 449146 0.851775 
14337 1548779615 469236 0.851840 
16721 1548779615 489238 0.851971 
17451 1548779615 509277 0.852041 
14835 1548779615 529314 0.852170 
18063 1548779615 549402 0.852238 
16439 1548779615 569439 0.852377 
14917 1548779615 589428 0.852440 
17805 1548779615 609507 0.852567 
14873 1548779615 629505 0.852648 
16035 1548779615 649572 0.852760 
18119 1548779615 669621 0.852847 
14719 1548779615 689663 0.852964 
17291 1548779615 709740 0.853048 
17033 1548779615 729796 0.853157 
14453 1548779615 749758 0.853243 
17847 1548779615 769820 0.853361 
15841 1548779615 789844 0.853439 
15203 1548779615 809905 0.853561 
18277 1548779615 829933 0.853655 
15109 1548779615 849973 0.853771 
16853 1548779615 869998 0.853848 
17715 1548779615 890018 0.853976 
14367 1548779615 910107 0.854042 
17017 1548779615 930129 0.854175 
15743 1548779615 950151 0.854255 
14501 1548779615 970193 0.854358 
18049 1548779615 990251 0.854462 
15473 1548779616 10314 0.854553 
16427 1548779616 30341 0.854669 
18335 1548779616 50396 0.854757 
14563 1548779616 70397 0.854858 
16943 1548779616 90443 0.854960 
16965 1548779616 110509 0.855048 
14451 1548779616 130553 0.855160 
18111 1548779616 150576 0.855262 
15805 1548779616 170617 0.855355 
15181 1548779616 190643 0.855454 
18307 1548779616 210696 0.855549 
14813 1548779616 230737 0.855670 
16579 1548779616 250756 0.855767 
16951 1548779616 270822 0.855863 
14287 1548779616 290819 0.855962 
17735 1548779616 310896 0.856055 
16723 1548779616 330901 0.856168 
15579 1548779616 350931 0.856273 
18467 1548779616 370972 0.856357 
15003 1548779616 391022 0.856451 
15717 1548779616 411081 0.856552 
17723 1548779616 431086 0.856661 
14521 1548779616 451129 0.856763 
17859 1548779616 471200 0.856864 
16831 1548779616 491195 0.856953 
14783 1548779616 511233 0.857059 
18279 1548779616 531272 0.857161 
15133 1548779616 551312 0.857278 
15983 1548779616 571377 0.857354 
17791 1548779616 591404 0.857465 
14383 1548779616 611422 0.857559 
17597 1548779616 631483 0.857664 
17185 1548779616 651509 0.857777 
15035 1548779616 671581 0.857867 
18159 1548779616 691574 0.857965 
15221 1548779616 711600 0.858068 
15379 1548779616 731664 0.858162 
17535 1548779616 751757 0.858278 
14325 1548779616 771739 0.858359 
17321 1548779616 791757 0.858468 
16937 1548779616 811794 0.858557 
14857 1548779616 831839 0.858669 
18503 1548779616 851915 0.858759 
15557 1548779616 871928 0.858865 
16061 1548779616 891974 0.858977 
17885 1548779616 912012 0.859061 
14587 1548779616 932023 0.859155 
17759 1548779616 952076 0.859270 
16961 1548779616 972136 0.859365 
15063 1548779616 992147 0.859464 
18409 1548779617 12205 0.859567 
15061 1548779617 32224 0.859666 
15507 1548779617 52259 0.859764 
17211 1548779617 72311 0.859888 
14155 1548779617 92313 0.859965 
17465 1548779617 112383 0.860063 
16725 1548779617 132440 0.860170 
15297 1548779617 152443 0.860281 
18407 1548779617 172490 0.860364 
15017 1548779617 192543 0.860464 
16247 1548779617 212566 0.860568 
17355 1548779617 232588 0.860680 
14279 1548779617 252629 0.860770 
17955 1548779617 272668 0.860875 
16117 1548779617 292743 0.860961 
15545 1548779617 312761 0.861067 
18443 1548779617 332799 0.861167 
14887 1548779617 352820 0.861283 
17357 1548779617 372855 0.861367 
17231 1548779617 392871 0.861467 
14565 1548779617 412933 0.861560 
18115 1548779617 432975 0.861672 
15611 1548779617 453033 0.861772 
16169 1548779617 473064 0.861896 
17745 1548779617 493086 0.861962 
14575 1548779617 513146 0.862073 
17395 1548779617 533143 0.862172 
16723 1548779617 553174 0.862285 
15011 1548779617 573260 0.862367 
17933 1548779617 593271 0.862494 
14423 1548779617 613309 0.862554 
15781 1548779617 633359 0.862677 
17713 1548779617 653393 0.862761 
15043 1548779617 673398 0.862900 
18655 1548779617 693491 0.862959 
16433 1548779617 713491 0.863068 
15137 1548779617 733518 0.863174 
18081 1548779617 753550 0.863293 
14329 1548779617 773608 0.863373 
17271 1548779617 793649 0.863481 
16937 1548779617 813686 0.863551 
14627 1548779617 833761 0.863679 
18395 1548779617 853762 0.863772 
15843 1548779617 873799 0.863884 
16357 1548779617 893862 0.863978 
18337 1548779617 913868 0.864093 
14251 1548779617 933926 0.864160 
16991 1548779617 953991 0.864297 
16161 1548779617 973986 0.864360 
14739 1548779617 994042 0.864490 
18615 1548779618 14110 0.864558 
15553 1548779618 34145 0.864691 
16821 1548779618 54168 0.864775 
18025 1548779618 74237 0.864874 
14511 1548779618 94225 0.864969 
17701 1548779618 114287 0.865078 
16323 1548779618 134304 0.865194 
15409 1548779618 154380 0.865271 
18407 1548779618 174395 0.865378 
15137 1548779618 194436 0.865485 
16861 1548779618 214511 0.865582 
17553 1548779618 234517 0.865684 
14513 1548779618 254571 0.865764 
17441 1548779618 274612 0.865872 
15907 1548779618 294659 0.865975 
15161 1548779618 314662 0.866111 
18089 1548779618 334745 0.866180 
15201 1548779618 354807 0.866282 
17027 1548779618 374817 0.866383 
18221 1548779618 394851 0.866488 
14937 1548779618 414858 0.866595 
18119 1548779618 434936 0.866677 
16001 1548779618 454925 0.866775 
14757 1548779618 474975 0.866876 
18115 1548779618 495030 0.867000 
14713 1548779618 515090 0.867087 
16683 1548779618 535096 0.867186 
18073 1548779618 555143 0.867271 
14615 1548779618 575208 0.867393 
17729 1548779618 595205 0.867479 
16235 1548779618 615226 0.867594 
14727 1548779618 635285 0.867675 
18265 1548779618 655324 0.867792 
15041 1548779618 675362 0.867867 
15667 1548779618 695381 0.867988 
17961 1548779618 715429 0.868080 
14555 1548779618 735510 0.868190 
17307 1548779618 755539 0.868270 
17465 1548779618 775575 0.868390 
14493 1548779618 795633 0.868491 
18139 1548779618 815620 0.868591 
16093 1548779618 835669 0.868676 
15587 1548779618 855749 0.868798 
18587 1548779618 875764 0.868873 
15255 1548779618 895824 0.868988 
16563 1548779618 915866 0.869087 
17971 1548779618 935851 0.869188 
14331 1548779618 955922 0.869279 
17275 1548779618 975977 0.869388 
16993 1548779618 995978 0.869482 
14651 1548779619 16061 0.869600 
18419 1548779619 36074 0.869681 
15987 1548779619 56086 0.869784 
14723 1548779619 76153 0.869878 
17837 1548779619 96208 0.870013 
14631 1548779619 116215 0.870088 
16007 1548779619 136262 0.870199 
18507 1548779619 156327 0.870277 
14935 1548779619 176363 0.870405 
17375 1548779619 196355 0.870481 
17343 1548779619 216423 0.870605 
14275 1548779619 236436 0.870682 
17727 1548779619 256514 0.870797 
16487 1548779619 276549 0.870892 
15101 1548779619 296556 0.870992 
18401 1548779619 316601 0.871095 
15439 1548779619 336640 0.871200 
15497 1548779619 356686 0.871288 
18075 1548779619 376765 0.871399 
14647 1548779619 396799 0.871486 
16405 1548779619 416796 0.871597 
18083 1548779619 436872 0.871686 
14585 1548779619 456878 0.871790 
17477 1548779619 476919 0.871881 
17245 1548779619 496967 0.872000 
14601 1548779619 517017 0.872094 
17919 1548779619 537037 0.872201 
16179 1548779619 557106 0.872289 
14935 1548779619 577134 0.872407 
18503 1548779619 597138 0.872477 
15919 1548779619 617185 0.872601 
15857 1548779619 637231 0.872699 
18413 1548779619 657301 0.872798 
14901 1548779619 677345 0.872899 
16621 1548779619 697331 0.872986 
17997 1548779619 717402 0.873097 
14555 1548779619 737462 0.873198 
17647 1548779619 757477 0.873286 
17595 1548779619 777542 0.873401 
14419 1548779619 797538 0.873494 
17963 1548779619 817581 0.873600 
16603 1548779619 837611 0.873682 
15027 1548779619 857661 0.873798 
18463 1548779619 877746 0.873888 
15667 1548779619 897744 0.873999 
15705 1548779619 917763 0.874083 
18451 1548779619 937844 0.874192 
15059 1548779619 957889 0.874308 
16457 1548779619 977910 0.874404 
17781 1548779619 997919 0.874497 
14609 1548779620 17969 0.874598 
17267 1548779620 38015 0.874681 
17583 1548779620 58078 0.874814 
14499 1548779620 78114 0.874891 
17483 1548779620 98139 0.875004 
16453 1548779620 118170 0.875093 
14637 1548779620 138197 0.875212 
18281 1548779620 158252 0.875297 
16079 1548779620 178309 0.875406 
15265 1548779620 198337 0.875504 
18207 1548779620 218350 0.875608 
14985 1548779620 238379 0.875698 
15913 1548779620 258422 0.875803 
18085 1548779620 278463 0.875906 
14767 1548779620 298496 0.875997 
17041 1548779620 318556 0.876099 
17845 1548779620 338631 0.876213 
14655 1548779620 358630 0.876302 
17135 1548779620 378664 0.876400 
16531 1548779620 398736 0.876509 
14429 1548779620 418766 0.876606 
17985 1548779620 438804 0.876702 
16229 1548779620 458822 0.876804 
15313 1548779620 478860 0.876901 
18265 1548779620 498918 0.877012 
15147 1548779620 518976 0.877103 
15535 1548779620 538999 0.877212 
17843 1548779620 559021 0.877299 
14801 1548779620 579049 0.877400 
16915 1548779620 599132 0.877520 
17935 1548779620 619167 0.877593 
14789 1548779620 639190 0.877715 
17593 1548779620 659256 0.877789 
16841 1548779620 679260 0.877916 
14437 1548779620 699290 0.877983 
17749 1548779620 719397 0.878109 
15933 1548779620 739374 0.878201 
15259 1548779620 759414 0.878324 
18475 1548779620 779491 0.878407 
15341 1548779620 799528 0.878503 
15813 1548779620 819564 0.878606 
17873 1548779620 839597 0.878715 
14489 1548779620 859659 0.878792 
16877 1548779620 879658 0.878909 
17621 1548779620 899749 0.879000 
14909 1548779620 919767 0.879117 
17803 1548779620 939814 0.879200 
16563 1548779620 959855 0.879329 
14687 1548779620 979874 0.879397 
17939 1548779620 999938 0.879512 
15541 1548779621 19974 0.879604 
15671 1548779621 39987 0.879718 
18429 1548779621 60031 0.879800 
15315 1548779621 80054 0.879927 
16931 1548779621 100141 0.879999 
17885 1548779621 120124 0.880115 
14567 1548779621 140223 0.880201 
17041 1548779621 160226 0.880334 
16761 1548779621 180248 0.880405 
14763 1548779621 200307 0.880526 
18167 1548779621 220341 0.880603 
16051 1548779621 240433 0.880726 
15237 1548779621 260446 0.880797 
17933 1548779621 280456 0.880924 
14821 1548779621 300528 0.880999 
16045 1548779621 320557 0.881134 
17877 1548779621 340571 0.881188 
15043 1548779621 360648 0.881326 
17605 1548779621 380668 0.881407 
17311 1548779621 400738 0.881530 
14693 1548779621 420799 0.881605 
17713 1548779621 440796 0.881731 
15767 1548779621 460864 0.881808 
15145 1548779621 480858 0.881913 
18193 1548779621 500941 0.882009 
15181 1548779621 520952 0.882118 
16343 1548779621 540978 0.882214 
18015 1548779621 561036 0.882321 
14679 1548779621 581088 0.882418 
17127 1548779621 601116 0.882539 
16751 1548779621 621153 0.882617 
14597 1548779621 641195 0.882725 
18105 1548779621 661230 0.882817 
16355 1548779621 681272 0.882926 
15615 1548779621 701302 0.883014 
18195 1548779621 721381 0.883123 
15213 1548779621 741418 0.883224 
16179 1548779621 761446 0.883313 
17815 1548779621 781456 0.883417 
14651 1548779621 801487 0.883517 
17133 1548779621 821570 0.883616 
17227 1548779621 841579 0.883722 
14629 1548779621 861614 0.883816 
17767 1548779621 881675 0.883926 
16429 1548779621 901750 0.884025 
15083 1548779621 921770 0.884115 
18047 1548779621 941804 0.884229 
15275 1548779621 961828 0.884320 
15731 1548779621 981856 0.884424 
17885 1548779622 1918 0.884534 
14641 1548779622 21956 0.884614 
16601 1548779622 42001 0.884733 
17327 1548779622 62044 0.884823 
14635 1548779622 82083 0.884927 
17805 1548779622 102127 0.885020 
17057 1548779622 122142 0.885128 
15249 1548779622 142191 0.885236 
18185 1548779622 162208 0.885316 
15657 1548779622 182241 0.885420 
15465 1548779622 202325 0.885533 
18329 1548779622 222374 0.885614 
15299 1548779622 242389 0.885734 
16497 1548779622 262399 0.885815 
17813 1548779622 282436 0.885928 
14611 1548779622 302462 0.886025 
17035 1548779622 322548 0.886128 
16877 1548779622 342553 0.886230 
14549 1548779622 362602 0.886329 
17811 1548779622 382624 0.886425 
16455 1548779622 402701 0.886522 
15119 1548779622 422744 0.886630 
18197 1548779622 442807 0.886727 
15489 1548779622 462805 0.886829 
15457 1548779622 482861 0.886927 
18019 1548779622 502867 0.887031 
15163 1548779622 522937 0.887123 
16337 1548779622 542946 0.887231 
17851 1548779622 562978 0.887338 
14729 1548779622 583022 0.887418 
16837 1548779622 603067 0.887535 
17367 1548779622 623112 0.887606 
15049 1548779622 643128 0.887740 
18149 1548779622 663174 0.887816 
17119 1548779622 683250 0.887924 
14875 1548779622 703266 0.888021 
17881 1548779622 723328 0.888132 
15907 1548779622 743375 0.888241 
15047 1548779622 763382 0.888313 
17937 1548779622 783407 0.888447 
15595 1548779622 803493 0.888528 
15881 1548779622 823484 0.888639 
18287 1548779622 843556 0.888724 
15143 1548779622 863554 0.888829 
15961 1548779622 883614 0.888920 
17779 1548779622 903666 0.889042 
14685 1548779622 923680 0.889120 
16849 1548779622 943752 0.889225 
17927 1548779622 963805 0.889331 
14817 1548779622 983802 0.889445 
17299 1548779623 3884 0.889526 
17129 1548779623 23878 0.889642 
14431 1548779623 43922 0.889719 
17385 1548779623 63965 0.889852 
16733 1548779623 84004 0.889915 
14995 1548779623 104068 0.890040 
18111 1548779623 124097 0.890122 
16511 1548779623 144155 0.890240 
15059 1548779623 164157 0.890317 
17895 1548779623 184236 0.890450 
15659 1548779623 204225 0.890519 
15385 1548779623 224310 0.890642 
18339 1548779623 244339 0.890728 
15659 1548779623 264376 0.890836 
15657 1548779623 284398 0.890927 
18051 1548779623 304457 0.891044 
14973 1548779623 324506 0.891118 
15969 1548779623 344520 0.891244 
18067 1548779623 364569 0.891327 
15333 1548779623 384603 0.891437 
16679 1548779623 404644 0.891521 
17991 1548779623 424667 0.891652 
14573 1548779623 444753 0.891727 
16373 1548779623 464807 0.891849 
17399 1548779623 484812 0.891923 
14917 1548779623 504831 0.892046 
17485 1548779623 524865 0.892128 
17677 1548779623 544934 0.892239 
14669 1548779623 564985 0.892329 
17089 1548779623 584991 0.892427 
17145 1548779623 605023 0.892548 
14515 1548779623 625058 0.892639 
17619 1548779623 645099 0.892748 
17135 1548779623 665177 0.892847 
14951 1548779623 685215 0.892936 
17679 1548779623 705261 0.893048 
16113 1548779623 725274 0.893131 
14795 1548779623 745292 0.893250 
18189 1548779623 765332 0.893324 
16621 1548779623 785415 0.893442 
15419 1548779623 805415 0.893544 
18161 1548779623 825494 0.893636 
15723 1548779623 845504 0.893739 
15227 1548779623 865546 0.893850 
18241 1548779623 885581 0.893936 
15455 1548779623 905625 0.894045 
15679 1548779623 925655 0.894141 
18209 1548779623 945741 0.894247 
15099 1548779623 965750 0.894335 
16033 1548779623 985810 0.894442 
18171 1548779624 5801 0.894534 
15237 1548779624 25829 0.894648 
16519 1548779624 45867 0.894738 
17911 1548779624 65947 0.894843 
14869 1548779624 86001 0.894943 
16753 1548779624 106005 0.895050 
17437 1548779624 126030 0.895142 
14781 1548779624 146091 0.895238 
17351 1548779624 166122 0.895339 
17761 1548779624 186221 0.895443 
14811 1548779624 206204 0.895546 
17531 1548779624 226212 0.895648 
17099 1548779624 246274 0.895746 
14611 1548779624 266325 0.895842 
17797 1548779624 286331 0.895944 
16923 1548779624 306398 0.896047 
14915 1548779624 326435 0.896135 
17899 1548779624 346484 0.896244 
16389 1548779624 366491 0.896345 
15031 1548779624 386536 0.896444 
18335 1548779624 406573 0.896536 
16255 1548779624 426613 0.896653 
15809 1548779624 446660 0.896749 
18377 1548779624 466678 0.896842 
15287 1548779624 486774 0.896948 
15713 1548779624 506801 0.897045 
17915 1548779624 526808 0.897156 
14855 1548779624 546830 0.897236 
16543 1548779624 566889 0.897354 
18111 1548779624 586927 0.897437 
15047 1548779624 606987 0.897560 
17303 1548779624 627027 0.897642 
17377 1548779624 647034 0.897740 
14561 1548779624 667099 0.897839 
17543 1548779624 687099 0.897961 
16891 1548779624 707178 0.898036 
15029 1548779624 727180 0.898153 
18143 1548779624 747235 0.898240 
16087 1548779624 767282 0.898352 
14963 1548779624 787330 0.898444 
17991 1548779624 807333 0.898557 
15395 1548779624 827390 0.898644 
16049 1548779624 847450 0.898759 
18401 1548779624 867448 0.898849 
15167 1548779624 887534 0.898961 
16935 1548779624 907556 0.899049 
17519 1548779624 927560 0.899169 
14605 1548779624 947605 0.899250 
17247 1548779624 967638 0.899351 
16847 1548779624 987689 0.899436 
15001 1548779625 7755 0.899554 
18377 1548779625 27773 0.899644 
16599 1548779625 47830 0.899753 
15657 1548779625 67897 0.899851 
18257 1548779625 87917 0.899949 
15509 1548779625 107926 0.900054 
16561 1548779625 127995 0.900148 
18155 1548779625 148007 0.900239 
14897 1548779625 168053 0.900360 
17465 1548779625 188114 0.900442 
17237 1548779625 208122 0.900563 
14743 1548779625 228161 0.900660 
17863 1548779625 248179 0.900770 
16205 1548779625 268220 0.900839 
15675 1548779625 288311 0.900962 
18521 1548779625 308327 0.901046 
15459 1548779625 328337 0.901168 
16683 1548779625 348407 0.901244 
17901 1548779625 368412 0.901364 
14591 1548779625 388476 0.901454 
17299 1548779625 408524 0.901570 
16693 1548779625 428545 0.901639 
15145 1548779625 448564 0.901760 
18423 1548779625 468612 0.901844 
15981 1548779625 488662 0.901967 
16279 1548779625 508698 0.902042 
18013 1548779625 528744 0.902167 
14579 1548779625 548760 0.902245 
16889 1548779625 568788 0.902368 
16995 1548779625 588856 0.902457 
14991 1548779625 608894 0.902572 
18481 1548779625 628938 0.902651 
16203 1548779625 648983 0.902772 
16019 1548779625 668983 0.902845 
18087 1548779625 689025 0.902985 
14691 1548779625 709072 0.903054 
16825 1548779625 729118 0.903162 
16923 1548779625 749149 0.903258 
14705 1548779625 769184 0.903356 
18129 1548779625 789252 0.903467 
15981 1548779625 809273 0.903558 
15847 1548779625 829324 0.903651 
18349 1548779625 849367 0.903768 
14857 1548779625 869430 0.903857 
16601 1548779625 889460 0.903966 
17091 1548779625 909508 0.904044 
14799 1548779625 929509 0.904171 
18277 1548779625 949587 0.904258 
16595 1548779625 969615 0.904362 
15961 1548779625 989623 0.904460 
18347 1548779626 9700 0.904559 
15077 1548779626 29775 0.904668 
17267 1548779626 49775 0.904768 
17471 1548779626 69811 0.904861 
14975 1548779626 89811 0.904969 
18179 1548779626 109877 0.905065 
16231 1548779626 129891 0.905165 
16357 1548779626 149929 0.905271 
18499 1548779626 169980 0.905354 
15053 1548779626 190002 0.905476 
17337 1548779626 210104 0.905559 
17101 1548779626 230104 0.905656 
14749 1548779626 250175 0.905768 
18167 1548779626 270288 0.905864 
15809 1548779626 290255 0.905959 
16055 1548779626 310258 0.906073 
18375 1548779626 330337 0.906162 
14915 1548779626 350345 0.906276 
17467 1548779626 370375 0.906354 
17027 1548779626 390431 0.906467 
14795 1548779626 410461 0.906550 
18153 1548779626 430479 0.906663 
15905 1548779626 450580 0.906777 
16567 1548779626 470616 0.906879 
18471 1548779626 490619 0.906954 
15049 1548779626 510682 0.907085 
17725 1548779626 530698 0.907163 
17193 1548779626 550774 0.907275 
14893 1548779626 570817 0.907361 
18159 1548779626 590836 0.907482 
15527 1548779626 610868 0.907566 
15787 1548779626 630930 0.907672 
18051 1548779626 650980 0.907777 
14627 1548779626 670989 0.907867 
17035 1548779626 691058 0.907972 
16943 1548779626 711079 0.908066 
14859 1548779626 731105 0.908158 
18153 1548779626 751122 0.908279 
15571 1548779626 771208 0.908356 
15801 1548779626 791231 0.908478 
18271 1548779626 811278 0.908563 
14965 1548779626 831337 0.908683 
17373 1548779626 851337 0.908756 
17447 1548779626 871401 0.908883 
14791 1548779626 891414 0.908971 
18025 1548779626 911439 0.909076 
16019 1548779626 931498 0.909176 
15623 1548779626 951574 0.909282 
18393 1548779626 971599 0.909371 
15111 1548779626 991604 0.909480 
17043 1548779627 11633 0.909573 
17661 1548779627 31736 0.909672 
14803 1548779627 51758 0.909767 
18001 1548779627 71811 0.909866 
16473 1548779627 91834 0.909963 
15165 1548779627 111880 0.910082 
18521 1548779627 131872 0.910172 
15361 1548779627 151931 0.910272 
16229 1548779627 171992 0.910371 
17973 1548779627 192018 0.910475 
14771 1548779627 212036 0.910568 
17735 1548779627 232100 0.910675 
17063 1548779627 252105 0.910759 
15113 1548779627 272152 0.910883 
18523 1548779627 292183 0.910964 
16011 1548779627 312268 0.911089 
15643 1548779627 332305 0.911167 
17973 1548779627 352312 0.911278 
14819 1548779627 372408 0.911366 
16647 1548779627 392376 0.911486 
17787 1548779627 412436 0.911576 
14883 1548779627 432512 0.911697 
18089 1548779627 452570 0.911769 
16865 1548779627 472543 0.911871 
15123 1548779627 492608 0.911975 
18381 1548779627 512663 0.912075 
15295 1548779627 532657 0.912174 
15895 1548779627 552712 0.912290 
18347 1548779627 572763 0.912367 
15137 1548779627 592808 0.912485 
17523 1548779627 612808 0.912567 
17419 1548779627 632884 0.912682 
14483 1548779627 652921 0.912773 
17973 1548779627 672944 0.912891 
16413 1548779627 693008 0.912966 
15601 1548779627 713030 0.913103 
18775 1548779627 733100 0.913165 
15843 1548779627 753127 0.913291 
16659 1548779627 773174 0.913378 
18267 1548779627 793185 0.913492 
14679 1548779627 813244 0.913578 
17207 1548779627 833283 0.913687 
17015 1548779627 853314 0.913783 
14933 1548779627 873350 0.913883 
18569 1548779627 893384 0.913965 
16595 1548779627 913452 0.914093 
16103 1548779627 933452 0.914176 
18449 1548779627 953515 0.914279 
14853 1548779627 973577 0.914376 
16441 1548779627 993617 0.914479 
17587 1548779628 13637 0.914581 
14529 1548779628 33693 0.914674 
17797 1548779628 53776 0.914781 
16835 1548779628 73817 0.914895 
14973 1548779628 93814 0.914979 
18295 1548779628 113840 0.915081 
15643 1548779628 133876 0.915187 
15973 1548779628 153914 0.915289 
18575 1548779628 173942 0.915378 
15195 1548779628 193990 0.915497 
17437 1548779628 214048 0.915591 
17913 1548779628 234062 0.915679 
14861 1548779628 254099 0.915780 
18095 1548779628 274178 0.915886 
16227 1548779628 294185 0.915985 
14851 1548779628 314222 0.916090 
18357 1548779628 334278 0.916194 
15431 1548779628 354328 0.916278 
16473 1548779628 374387 0.916384 
18517 1548779628 394403 0.916472 
14959 1548779628 414454 0.916588 
17663 1548779628 434501 0.916689 
17133 1548779628 454516 0.916783 
15015 1548779628 474550 0.916890 
18491 1548779628 494607 0.916967 
16381 1548779628 514656 0.917098 
16217 1548779628 534709 0.917208 
18417 1548779628 554764 0.917275 
15199 1548779628 574751 0.917380 
17091 1548779628 594780 0.917484 
17785 1548779628 614815 0.917598 
14725 1548779628 634865 0.917695 
18167 1548779628 654910 0.917793 
16533 1548779628 674948 0.917880 
15481 1548779628 694993 0.917990 
18541 1548779628 715050 0.918101 
15029 1548779628 735095 0.918202 
16903 1548779628 755122 0.918282 
17965 1548779628 775165 0.918378 
14703 1548779628 795185 0.918489 
18157 1548779628 815246 0.918597 
16529 1548779628 835279 0.918682 
15141 1548779628 855289 0.918779 
18291 1548779628 875333 0.918895 
15195 1548779628 895391 0.918994 
16635 1548779628 915465 0.919108 
17877 1548779628 935444 0.919187 
14595 1548779628 955575 0.919293 
17861 1548779628 975531 0.919395 
16697 1548779628 995553 0.919486 
15371 1548779629 15639 0.919597 
18773 1548779629 35690 0.919684 
15801 1548779629 55717 0.919807 
16939 1548779629 75778 0.919895 
18103 1548779629 95752 0.920006 
14639 1548779629 115813 0.920085 
17813 1548779629 135886 0.920193 
16709 1548779629 155877 0.920286 
15293 1548779629 175938 0.920414 
18601 1548779629 195993 0.920491 
15391 1548779629 215991 0.920601 
16485 1548779629 236076 0.920659 
17771 1548779629 256079 0.920803 
14547 1548779629 276163 0.920894 
17925 1548779629 296178 0.921025 
15795 1548779629 316186 0.921085 
14997 1548779629 336274 0.921189 
18347 1548779629 356318 0.921296 
15159 1548779629 376311 0.921406 
17359 1548779629 396374 0.921497 
17495 1548779629 416459 0.921608 
14457 1548779629 436416 0.921686 
17909 1548779629 456493 0.921808 
15697 1548779629 476497 0.921897 
15887 1548779629 496564 0.922009 
18535 1548779629 516633 0.922081 
15219 1548779629 536672 0.922195 
17629 1548779629 556662 0.922299 
17285 1548779629 576714 0.922406 
15187 1548779629 596762 0.922489 
18159 1548779629 616782 0.922585 
15661 1548779629 636817 0.922692 
16329 1548779629 656897 0.922814 
17929 1548779629 676918 0.922894 
14735 1548779629 696929 0.922997 
17633 1548779629 716983 0.923083 
17341 1548779629 737060 0.923217 
15773 1548779629 757071 0.923302 
18477 1548779629 777092 0.923411 
15019 1548779629 797158 0.923499 
16259 1548779629 817154 0.923596 
18035 1548779629 837234 0.923698 
14763 1548779629 857280 0.923813 
18369 1548779629 877284 0.923892 
16845 1548779629 897341 0.924003 
15231 1548779629 917391 0.924084 
18347 1548779629 937423 0.924202 
14891 1548779629 957495 0.924307 
16807 1548779629 977503 0.924413 
17281 1548779629 997523 0.924503 
14569 1548779630 17560 0.924601 
18183 1548779630 37616 0.924697 
16279 1548779630 57638 0.924806 
16209 1548779630 77685 0.924897 
18587 1548779630 97763 0.925001 
14889 1548779630 117823 0.925107 
17147 1548779630 137817 0.925197 
17045 1548779630 157890 0.925316 
14745 1548779630 177888 0.925411 
18521 1548779630 197956 0.925503 
16041 1548779630 218002 0.925615 
16149 1548779630 238007 0.925702 
18423 1548779630 258073 0.925804 
14815 1548779630 278092 0.925911 
17591 1548779630 298141 0.926008 
16811 1548779630 318160 0.926106 
14691 1548779630 338207 0.926206 
18283 1548779630 358245 0.926315 
15437 1548779630 378338 0.926405 
16151 1548779630 398346 0.926504 
18325 1548779630 418399 0.926611 
14845 1548779630 438398 0.926705 
17309 1548779630 458480 0.926792 
16797 1548779630 478504 0.926927 
14795 1548779630 498574 0.927004 
18273 1548779630 518574 0.927111 
15767 1548779630 538634 0.927218 
16177 1548779630 558639 0.927317 
18485 1548779630 578761 0.927419 
14719 1548779630 598765 0.927515 
17307 1548779630 618783 0.927616 
17047 1548779630 638825 0.927712 
14601 1548779630 658843 0.927813 
18285 1548779630 678878 0.927916 
15879 1548779630 698939 0.928002 
15687 1548779630 718997 0.928112 
18437 1548779630 738994 0.928206 
14913 1548779630 759037 0.928309 
16843 1548779630 779112 0.928414 
17651 1548779630 799141 0.928511 
14697 1548779630 819197 0.928619 
18341 1548779630 839226 0.928707 
16733 1548779630 859282 0.928807 
15263 1548779630 879266 0.928909 
18539 1548779630 899309 0.929017 
15131 1548779630 919373 0.929117 
16463 1548779630 939399 0.929208 
18069 1548779630 959439 0.929318 
14615 1548779630 979489 0.929401 
17257 1548779630 999505 0.929518 
16607 1548779631 19569 0.929629 
14807 1548779631 39571 0.929716 
18523 1548779631 59632 0.929799 
16227 1548779631 79677 0.929921 
16107 1548779631 99762 0.930022 
18449 1548779631 119781 0.930122 
14701 1548779631 139781 0.930208 
16689 1548779631 159840 0.930315 
17737 1548779631 179878 0.930406 
14797 1548779631 199938 0.930525 
18335 1548779631 219959 0.930618 
16693 1548779631 240009 0.930715 
15093 1548779631 260061 0.930802 
18301 1548779631 280076 0.930920 
15149 1548779631 300133 0.931019 
16171 1548779631 320146 0.931125 
18261 1548779631 340220 0.931207 
14935 1548779631 360215 0.931311 
17687 1548779631 380280 0.931427 
17471 1548779631 400337 0.931521 
14745 1548779631 420374 0.931617 
18117 1548779631 440388 0.931716 
16059 1548779631 460444 0.931825 
15573 1548779631 480497 0.931931 
18545 1548779631 500520 0.932020 
15129 1548779631 520534 0.932119 
16793 1548779631 540591 0.932230 
17891 1548779631 560618 0.932318 
14519 1548779631 580672 0.932423 
17493 1548779631 600766 0.932529 
16407 1548779631 620785 0.932618 
14681 1548779631 640785 0.932712 
18385 1548779631 660841 0.932821 
15537 1548779631 680880 0.932931 
16145 1548779631 700935 0.933007 
18385 1548779631 720978 0.933114 
14857 1548779631 740996 0.933207 
17049 1548779631 761018 0.933328 
17463 1548779631 781075 0.933420 
14821 1548779631 801111 0.933531 
18357 1548779631 821168 0.933616 
16479 1548779631 841183 0.933735 
15581 1548779631 861217 0.933821 
18421 1548779631 881274 0.933936 
14889 1548779631 901303 0.934020 
16503 1548779631 921369 0.934126 
17601 1548779631 941357 0.934225 
14655 1548779631 961412 0.934324 
18175 1548779631 981449 0.934426 
16755 1548779632 1506 0.934510 
15227 1548779632 21537 0.934626 
18643 1548779632 41560 0.934713 
15325 1548779632 61610 0.934829 
16185 1548779632 81673 0.934927 
17851 1548779632 101699 0.935013 
14899 1548779632 121720 0.935132 
17987 1548779632 141783 0.935237 
17223 1548779632 161806 0.935331 
15039 1548779632 181826 0.935421 
18397 1548779632 201880 0.935521 
15519 1548779632 221923 0.935625 
15869 1548779632 241986 0.935723 
18109 1548779632 262000 0.935829 
14657 1548779632 282016 0.935927 
17547 1548779632 302073 0.936033 
17151 1548779632 322099 0.936125 
15029 1548779632 342171 0.936230 
18589 1548779632 362183 0.936324 
15797 1548779632 382229 0.936426 
16001 1548779632 402297 0.936534 
18161 1548779632 422350 0.936617 
14773 1548779632 442346 0.936715 
17565 1548779632 462426 0.936836 
17215 1548779632 482418 0.936925 
15189 1548779632 502495 0.937032 
18591 1548779632 522511 0.937118 
15741 1548779632 542522 0.937239 
16321 1548779632 562567 0.937324 
17901 1548779632 582623 0.937445 
14515 1548779632 602645 0.937524 
17627 1548779632 622712 0.937632 
16781 1548779632 642786 0.937736 
14749 1548779632 662824 0.937814 
18033 1548779632 682832 0.937939 
15099 1548779632 702880 0.938036 
16609 1548779632 722934 0.938137 
18051 1548779632 742942 0.938229 
14637 1548779632 762959 0.938320 
17773 1548779632 783007 0.938441 
16445 1548779632 803042 0.938522 
15523 1548779632 823120 0.938650 
18643 1548779632 843132 0.938719 
15615 1548779632 863166 0.938834 
17313 1548779632 883239 0.938932 
17373 1548779632 903272 0.939042 
14729 1548779632 923267 0.939119 
18273 1548779632 943337 0.939232 
15859 1548779632 963357 0.939329 
16107 1548779632 983440 0.939435 
18457 1548779633 3436 0.939532 
15053 1548779633 23517 0.939661 
18121 1548779633 43517 0.939717 
17163 1548779633 63569 0.939845 
15361 1548779633 83594 0.939935 
18441 1548779633 103661 0.940035 
15073 1548779633 123724 0.940142 
17215 1548779633 143756 0.940233 
17843 1548779633 163828 0.940337 
14895 1548779633 183826 0.940438 
18403 1548779633 203846 0.940530 
15811 1548779633 223883 0.940643 
16173 1548779633 243929 0.940735 
18029 1548779633 264037 0.940856 
14419 1548779633 284017 0.940909 
17439 1548779633 304040 0.941051 
16313 1548779633 324064 0.941123 
15391 1548779633 344147 0.941245 
18477 1548779633 364169 0.941346 
15031 1548779633 384232 0.941442 
17239 1548779633 404254 0.941533 
17559 1548779633 424314 0.941646 
14991 1548779633 444307 0.941731 
18275 1548779633 464398 0.941851 
15297 1548779633 484405 0.941935 
16265 1548779633 504455 0.942045 
17973 1548779633 524463 0.942137 
14841 1548779633 544518 0.942249 
18245 1548779633 564565 0.942336 
16431 1548779633 584575 0.942440 
15739 1548779633 604668 0.942532 
18437 1548779633 624689 0.942646 
14863 1548779633 644767 0.942742 
17531 1548779633 664779 0.942831 
17051 1548779633 684829 0.942943 
15041 1548779633 704806 0.943044 
18557 1548779633 724863 0.943136 
15469 1548779633 744907 0.943252 
16801 1548779633 764936 0.943333 
17999 1548779633 784970 0.943445 
14917 1548779633 805039 0.943555 
18151 1548779633 825075 0.943658 
15955 1548779633 845135 0.943738 
15365 1548779633 865194 0.943854 
18419 1548779633 885235 0.943936 
15225 1548779633 905278 0.944050 
17579 1548779633 925298 0.944150 
17685 1548779633 945349 0.944246 
15017 1548779633 965337 0.944344 
18451 1548779633 985400 0.944435 
15763 1548779634 5465 0.944559 
16571 1548779634 25478 0.944636 
18243 1548779634 45528 0.944745 
14721 1548779634 65572 0.944834 
17767 1548779634 85598 0.944944 
16843 1548779634 105648 0.945048 
