-43 1548774015 201159 0.904264 
-41 1548774015 202839 0.903663 
-37 1548774015 221800 0.906837 
-39 1548774015 241842 0.905654 
-37 1548774015 261897 0.906086 
-39 1548774015 281921 0.906041 
-39 1548774015 301913 0.905907 
-35 1548774015 321979 0.906058 
-37 1548774015 342025 0.905972 
-41 1548774015 362063 0.905992 
-43 1548774015 382087 0.905985 
-41 1548774015 402130 0.905978 
-37 1548774015 422154 0.905974 
-41 1548774015 442242 0.905981 
-39 1548774015 462263 0.905980 
-43 1548774015 482282 0.905972 
-39 1548774015 502333 0.905975 
-37 1548774015 522371 0.905979 
-41 1548774015 542377 0.905972 
-39 1548774015 562427 0.905967 
-39 1548774015 582473 0.905968 
-37 1548774015 602534 0.905964 
-39 1548774015 622549 0.905958 
-37 1548774015 642617 0.905958 
-39 1548774015 662647 0.905955 
-39 1548774015 682653 0.905952 
-43 1548774015 702683 0.905959 
-43 1548774015 722738 0.905957 
-41 1548774015 742790 0.905958 
-43 1548774015 762799 0.905952 
-39 1548774015 782854 0.905950 
-41 1548774015 802905 0.905941 
-35 1548774015 822913 0.905938 
-39 1548774015 842985 0.905947 
-41 1548774015 862985 0.905936 
-39 1548774015 883026 0.905927 
-37 1548774015 903082 0.905930 
-35 1548774015 923106 0.905939 
-41 1548774015 943138 0.905933 
-39 1548774015 963197 0.905919 
-41 1548774015 983259 0.905928 
-37 1548774016 3256 0.905918 
-37 1548774016 23339 0.905925 
-39 1548774016 43377 0.905920 
-39 1548774016 63397 0.905927 
-39 1548774016 83448 0.905914 
-39 1548774016 103459 0.905909 
-37 1548774016 123514 0.905909 
-41 1548774016 143557 0.905914 
-37 1548774016 163559 0.905898 
-39 1548774016 183644 0.905912 
-35 1548774016 203666 0.905906 
-37 1548774016 223686 0.905892 
-37 1548774016 243735 0.905898 
-33 1548774016 263758 0.905887 
-39 1548774016 283802 0.905896 
-39 1548774016 303876 0.905894 
-37 1548774016 323915 0.905896 
-35 1548774016 343946 0.905892 
-37 1548774016 363959 0.905881 
-37 1548774016 383975 0.905883 
-41 1548774016 404053 0.905884 
-37 1548774016 424081 0.905889 
-37 1548774016 444111 0.905881 
-39 1548774016 464136 0.905880 
-39 1548774016 484200 0.905868 
-37 1548774016 504250 0.905876 
-39 1548774016 524244 0.905870 
-37 1548774016 544316 0.905878 
-37 1548774016 564350 0.905868 
-41 1548774016 584386 0.905862 
-33 1548774016 604397 0.905862 
-37 1548774016 624435 0.905858 
-41 1548774016 644509 0.905863 
-35 1548774016 664565 0.905857 
-37 1548774016 684570 0.905852 
-39 1548774016 704604 0.905850 
-35 1548774016 724654 0.905839 
-37 1548774016 744732 0.905845 
-35 1548774016 764762 0.905859 
-37 1548774016 784784 0.905839 
-37 1548774016 804816 0.905834 
-33 1548774016 824862 0.905842 
-33 1548774016 844871 0.905840 
-37 1548774016 864916 0.905831 
-35 1548774016 884984 0.905833 
-37 1548774016 904974 0.905826 
-33 1548774016 925029 0.905831 
-31 1548774016 945117 0.905825 
-35 1548774016 965099 0.905824 
-35 1548774016 985158 0.905818 
-31 1548774017 5179 0.905828 
-37 1548774017 25217 0.905811 
-33 1548774017 45269 0.905833 
-41 1548774017 65320 0.905808 
-35 1548774017 85368 0.905814 
-37 1548774017 105367 0.905808 
-37 1548774017 125420 0.905801 
-31 1548774017 145442 0.905811 
-39 1548774017 165477 0.905808 
-35 1548774017 185560 0.905801 
-39 1548774017 205592 0.905800 
-37 1548774017 225602 0.905790 
-35 1548774017 245674 0.905801 
-41 1548774017 265684 0.905800 
-41 1548774017 285762 0.905803 
-35 1548774017 305801 0.905796 
-37 1548774017 325795 0.905786 
-37 1548774017 345837 0.905778 
-39 1548774017 365881 0.905797 
-35 1548774017 385910 0.905791 
-37 1548774017 405985 0.905781 
-39 1548774017 426015 0.905774 
-39 1548774017 446016 0.905771 
-41 1548774017 466060 0.905771 
-35 1548774017 486145 0.905780 
-35 1548774017 506144 0.905769 
-37 1548774017 526201 0.905776 
-37 1548774017 546225 0.905757 
-41 1548774017 566284 0.905767 
-37 1548774017 586297 0.905757 
-37 1548774017 606340 0.905763 
-33 1548774017 626410 0.905756 
-39 1548774017 646448 0.905758 
-33 1548774017 666450 0.905753 
-37 1548774017 686541 0.905748 
-39 1548774017 706553 0.905756 
-33 1548774017 726571 0.905752 
-39 1548774017 746611 0.905743 
-39 1548774017 766647 0.905741 
-37 1548774017 786760 0.905747 
-39 1548774017 806795 0.905743 
-37 1548774017 826817 0.905743 
-43 1548774017 846824 0.905737 
-41 1548774017 866854 0.905741 
-39 1548774017 886936 0.905734 
-41 1548774017 906927 0.905731 
-37 1548774017 926982 0.905731 
-41 1548774017 947053 0.905735 
-41 1548774017 967046 0.905712 
-43 1548774017 987094 0.905723 
-43 1548774018 7160 0.905729 
-39 1548774018 27189 0.905710 
-43 1548774018 47213 0.905715 
-43 1548774018 67271 0.905720 
-35 1548774018 87322 0.905714 
-43 1548774018 107360 0.905710 
-41 1548774018 127372 0.905719 
-41 1548774018 147437 0.905703 
-41 1548774018 167457 0.905695 
-43 1548774018 187481 0.905698 
-37 1548774018 207569 0.905703 
-43 1548774018 227559 0.905708 
-39 1548774018 247593 0.905703 
-41 1548774018 267665 0.905680 
-43 1548774018 287743 0.905695 
-37 1548774018 307745 0.905691 
-39 1548774018 327762 0.905697 
-41 1548774018 347790 0.905690 
-39 1548774018 367824 0.905679 
-43 1548774018 387862 0.905668 
-39 1548774018 407908 0.905686 
-41 1548774018 427966 0.905692 
-41 1548774018 447977 0.905685 
-41 1548774018 468037 0.905667 
-39 1548774018 488051 0.905667 
-37 1548774018 508113 0.905677 
-37 1548774018 528151 0.905674 
-41 1548774018 548200 0.905673 
-41 1548774018 568256 0.905663 
-41 1548774018 588251 0.905667 
-39 1548774018 608325 0.905649 
-41 1548774018 628353 0.905669 
-37 1548774018 648393 0.905660 
-41 1548774018 668460 0.905653 
-37 1548774018 688476 0.905657 
-39 1548774018 708510 0.905658 
-39 1548774018 728589 0.905649 
-39 1548774018 748587 0.905657 
-39 1548774018 768625 0.905647 
-43 1548774018 788664 0.905643 
-39 1548774018 808734 0.905649 
-39 1548774018 828740 0.905645 
-41 1548774018 848801 0.905648 
-39 1548774018 868815 0.905640 
-39 1548774018 888851 0.905625 
-37 1548774018 908919 0.905624 
-39 1548774018 928972 0.905630 
-35 1548774018 948983 0.905636 
-37 1548774018 969034 0.905620 
-37 1548774018 989055 0.905634 
-43 1548774019 9093 0.905615 
-39 1548774019 29157 0.905626 
-39 1548774019 49151 0.905621 
-43 1548774019 69201 0.905621 
-39 1548774019 89266 0.905615 
-39 1548774019 109267 0.905602 
-41 1548774019 129328 0.905604 
-35 1548774019 149384 0.905610 
-43 1548774019 169394 0.905607 
-37 1548774019 189451 0.905601 
-35 1548774019 209486 0.905588 
-35 1548774019 229526 0.905605 
-35 1548774019 249558 0.905594 
-39 1548774019 269608 0.905607 
-35 1548774019 289644 0.905599 
-39 1548774019 309675 0.905585 
-35 1548774019 329702 0.905587 
-35 1548774019 349797 0.905591 
-35 1548774019 369808 0.905588 
-39 1548774019 389823 0.905583 
-35 1548774019 409858 0.905580 
-37 1548774019 429907 0.905583 
-39 1548774019 449938 0.905577 
-35 1548774019 469963 0.905570 
-37 1548774019 490056 0.905573 
-39 1548774019 510040 0.905573 
-39 1548774019 530141 0.905564 
-33 1548774019 550153 0.905571 
-39 1548774019 570213 0.905562 
-39 1548774019 590209 0.905562 
-35 1548774019 610281 0.905568 
-37 1548774019 630288 0.905570 
-39 1548774019 650320 0.905557 
-39 1548774019 670379 0.905551 
-37 1548774019 690406 0.905549 
-37 1548774019 710440 0.905557 
-33 1548774019 730522 0.905553 
-37 1548774019 750543 0.905538 
-37 1548774019 770561 0.905537 
-37 1548774019 790619 0.905553 
-39 1548774019 810653 0.905543 
-33 1548774019 830672 0.905543 
-37 1548774019 850748 0.905533 
-35 1548774019 870802 0.905530 
-39 1548774019 890808 0.905525 
-39 1548774019 910883 0.905531 
-37 1548774019 930882 0.905531 
-37 1548774019 950923 0.905524 
-39 1548774019 970962 0.905520 
-39 1548774019 991036 0.905525 
-33 1548774020 11054 0.905521 
-37 1548774020 31114 0.905519 
-35 1548774020 51152 0.905520 
-37 1548774020 71200 0.905515 
-37 1548774020 91192 0.905509 
-37 1548774020 111280 0.905515 
-39 1548774020 131312 0.905514 
-33 1548774020 151321 0.905505 
-37 1548774020 171397 0.905503 
-37 1548774020 191388 0.905504 
-37 1548774020 211426 0.905504 
-35 1548774020 231490 0.905499 
-37 1548774020 251533 0.905499 
-35 1548774020 271555 0.905485 
-35 1548774020 291607 0.905490 
-39 1548774020 311634 0.905485 
-41 1548774020 331677 0.905486 
-37 1548774020 351749 0.905486 
-33 1548774020 371760 0.905486 
-35 1548774020 391826 0.905483 
-35 1548774020 411825 0.905480 
-39 1548774020 431877 0.905475 
-39 1548774020 451951 0.905479 
-37 1548774020 471979 0.905470 
-39 1548774020 491978 0.905477 
-39 1548774020 512068 0.905469 
-37 1548774020 532056 0.905466 
-39 1548774020 552111 0.905466 
-41 1548774020 572138 0.905474 
-37 1548774020 592183 0.905471 
-39 1548774020 612227 0.905463 
-41 1548774020 632257 0.905452 
-37 1548774020 652290 0.905453 
-37 1548774020 672338 0.905457 
-41 1548774020 692384 0.905458 
-37 1548774020 712408 0.905450 
-39 1548774020 732481 0.905463 
-39 1548774020 752484 0.905444 
-35 1548774020 772523 0.905448 
-33 1548774020 792594 0.905430 
-39 1548774020 812632 0.905448 
-39 1548774020 832688 0.905436 
-39 1548774020 852685 0.905441 
-41 1548774020 872747 0.905431 
-41 1548774020 892772 0.905435 
-41 1548774020 912827 0.905415 
-43 1548774020 932863 0.905433 
-41 1548774020 952923 0.905424 
-41 1548774020 972940 0.905430 
-41 1548774020 992976 0.905427 
-37 1548774021 13027 0.905419 
-41 1548774021 33029 0.905419 
-37 1548774021 53109 0.905424 
-39 1548774021 73111 0.905414 
-41 1548774021 93161 0.905410 
-41 1548774021 113188 0.905410 
-37 1548774021 133273 0.905410 
-43 1548774021 153286 0.905403 
-39 1548774021 173319 0.905405 
-41 1548774021 193387 0.905398 
-39 1548774021 213424 0.905388 
-45 1548774021 233426 0.905398 
-43 1548774021 253504 0.905398 
-41 1548774021 273525 0.905394 
-41 1548774021 293567 0.905393 
-41 1548774021 313575 0.905385 
-37 1548774021 333625 0.905389 
-39 1548774021 353681 0.905382 
-43 1548774021 373748 0.905392 
-45 1548774021 393790 0.905375 
-39 1548774021 413767 0.905396 
-37 1548774021 433807 0.905367 
-41 1548774021 453860 0.905377 
-39 1548774021 473924 0.905374 
-41 1548774021 493958 0.905365 
-37 1548774021 513955 0.905372 
-41 1548774021 533998 0.905369 
-39 1548774021 554087 0.905365 
-39 1548774021 574097 0.905366 
-39 1548774021 594156 0.905361 
-37 1548774021 614209 0.905369 
-41 1548774021 634209 0.905356 
-37 1548774021 654269 0.905355 
-41 1548774021 674301 0.905356 
-39 1548774021 694310 0.905350 
-41 1548774021 714377 0.905355 
-37 1548774021 734433 0.905347 
-37 1548774021 754435 0.905345 
-39 1548774021 774511 0.905352 
-39 1548774021 794561 0.905338 
-37 1548774021 814542 0.905344 
-39 1548774021 834593 0.905341 
-37 1548774021 854646 0.905337 
-39 1548774021 874689 0.905333 
-37 1548774021 894740 0.905332 
-39 1548774021 914812 0.905333 
-35 1548774021 934811 0.905338 
-39 1548774021 954866 0.905323 
-37 1548774021 974884 0.905321 
-41 1548774021 994937 0.905330 
-33 1548774022 14946 0.905319 
-39 1548774022 34992 0.905321 
-37 1548774022 55004 0.905313 
-39 1548774022 75062 0.905322 
-41 1548774022 95094 0.905313 
-33 1548774022 115150 0.905316 
-33 1548774022 135216 0.905313 
-37 1548774022 155244 0.905310 
-39 1548774022 175282 0.905306 
-37 1548774022 195327 0.905305 
-43 1548774022 215320 0.905295 
-37 1548774022 235365 0.905299 
-35 1548774022 255427 0.905292 
-35 1548774022 275454 0.905289 
-37 1548774022 295505 0.905291 
-39 1548774022 315531 0.905295 
-41 1548774022 335604 0.905284 
-35 1548774022 355614 0.905292 
-35 1548774022 375681 0.905282 
-37 1548774022 395697 0.905273 
-35 1548774022 415769 0.905278 
-35 1548774022 435807 0.905275 
-37 1548774022 455831 0.905278 
-39 1548774022 475866 0.905273 
-39 1548774022 495927 0.905277 
-35 1548774022 515944 0.905269 
-31 1548774022 535987 0.905261 
-37 1548774022 555995 0.905265 
-39 1548774022 576031 0.905270 
-35 1548774022 596071 0.905269 
-35 1548774022 616119 0.905261 
-37 1548774022 636176 0.905256 
-41 1548774022 656209 0.905264 
-35 1548774022 676272 0.905258 
-43 1548774022 696295 0.905259 
-35 1548774022 716319 0.905244 
-37 1548774022 736395 0.905245 
-39 1548774022 756469 0.905253 
-37 1548774022 776461 0.905255 
-41 1548774022 796506 0.905256 
-39 1548774022 816512 0.905234 
-33 1548774022 836584 0.905242 
-37 1548774022 856571 0.905237 
-37 1548774022 876624 0.905238 
-41 1548774022 896703 0.905223 
-37 1548774022 916772 0.905234 
-37 1548774022 936772 0.905232 
-37 1548774022 956792 0.905221 
-39 1548774022 976840 0.905226 
-37 1548774022 996860 0.905227 
-39 1548774023 16889 0.905220 
-35 1548774023 36946 0.905226 
-37 1548774023 56977 0.905217 
-39 1548774023 77036 0.905209 
-41 1548774023 97086 0.905214 
-37 1548774023 117119 0.905216 
-37 1548774023 137172 0.905210 
-41 1548774023 157190 0.905209 
-39 1548774023 177217 0.905197 
-39 1548774023 197235 0.905200 
-37 1548774023 217322 0.905199 
-39 1548774023 237332 0.905199 
-39 1548774023 257412 0.905194 
-33 1548774023 277431 0.905194 
-37 1548774023 297490 0.905188 
-37 1548774023 317481 0.905197 
-35 1548774023 337537 0.905187 
-37 1548774023 357556 0.905198 
-33 1548774023 377631 0.905177 
-39 1548774023 397633 0.905183 
-35 1548774023 417679 0.905190 
-35 1548774023 437755 0.905186 
-37 1548774023 457802 0.905173 
-41 1548774023 477861 0.905167 
-37 1548774023 497871 0.905171 
-37 1548774023 517871 0.905173 
-39 1548774023 537937 0.905172 
-37 1548774023 557978 0.905160 
-39 1548774023 577996 0.905159 
-41 1548774023 598064 0.905166 
-39 1548774023 618074 0.905160 
-39 1548774023 638101 0.905162 
-41 1548774023 658145 0.905168 
-43 1548774023 678224 0.905145 
-39 1548774023 698230 0.905151 
-43 1548774023 718266 0.905155 
-41 1548774023 738305 0.905153 
-39 1548774023 758376 0.905150 
-43 1548774023 778391 0.905139 
-41 1548774023 798454 0.905138 
-43 1548774023 818517 0.905143 
-43 1548774023 838517 0.905146 
-41 1548774023 858535 0.905133 
-41 1548774023 878604 0.905135 
-43 1548774023 898626 0.905118 
-43 1548774023 918659 0.905138 
-45 1548774023 938756 0.905126 
-43 1548774023 958757 0.905125 
-41 1548774023 978772 0.905122 
-43 1548774023 998831 0.905121 
-43 1548774024 18891 0.905126 
-39 1548774024 38938 0.905121 
-41 1548774024 58947 0.905121 
-39 1548774024 78971 0.905117 
-41 1548774024 99041 0.905112 
-41 1548774024 119064 0.905111 
-39 1548774024 139113 0.905109 
-41 1548774024 159162 0.905110 
-41 1548774024 179213 0.905103 
-41 1548774024 199224 0.905100 
-41 1548774024 219278 0.905099 
-39 1548774024 239299 0.905100 
-41 1548774024 259329 0.905101 
-41 1548774024 279391 0.905095 
-41 1548774024 299402 0.905094 
-39 1548774024 319469 0.905088 
-41 1548774024 339506 0.905089 
-41 1548774024 359561 0.905089 
-41 1548774024 379605 0.905089 
-43 1548774024 399621 0.905077 
-43 1548774024 419690 0.905092 
-43 1548774024 439711 0.905079 
-43 1548774024 459794 0.905066 
-41 1548774024 479804 0.905073 
-41 1548774024 499814 0.905076 
-39 1548774024 519835 0.905068 
-39 1548774024 539929 0.905062 
-39 1548774024 559949 0.905061 
-43 1548774024 579988 0.905063 
-41 1548774024 600009 0.905062 
-41 1548774024 620039 0.905059 
-43 1548774024 640117 0.905055 
-37 1548774024 660128 0.905054 
-41 1548774024 680149 0.905061 
-39 1548774024 700238 0.905051 
-41 1548774024 720238 0.905045 
-43 1548774024 740297 0.905046 
-41 1548774024 760384 0.905042 
-35 1548774024 780404 0.905056 
-35 1548774024 800394 0.905037 
-39 1548774024 820464 0.905049 
-39 1548774024 840491 0.905033 
-39 1548774024 860504 0.905044 
-35 1548774024 880566 0.905037 
-39 1548774024 900568 0.905034 
-39 1548774024 920610 0.905035 
-37 1548774024 940654 0.905021 
-37 1548774024 960702 0.905022 
-33 1548774024 980817 0.905028 
-39 1548774025 818 0.905022 
-37 1548774025 20871 0.905028 
-39 1548774025 40883 0.905018 
-35 1548774025 60923 0.905016 
-35 1548774025 80988 0.905010 
-37 1548774025 100990 0.905010 
-39 1548774025 121037 0.905010 
-41 1548774025 141069 0.905015 
-35 1548774025 161129 0.905001 
-37 1548774025 181163 0.905000 
-37 1548774025 201182 0.904996 
-37 1548774025 221240 0.904999 
-37 1548774025 241292 0.904990 
-37 1548774025 261323 0.905002 
-37 1548774025 281386 0.905005 
-37 1548774025 301393 0.904989 
-39 1548774025 321468 0.904996 
-35 1548774025 341484 0.904985 
-39 1548774025 361541 0.904983 
-37 1548774025 381567 0.904993 
-37 1548774025 401617 0.904980 
-37 1548774025 421614 0.904988 
-37 1548774025 441697 0.904977 
-37 1548774025 461704 0.904973 
-39 1548774025 481793 0.904969 
-39 1548774025 501816 0.904976 
-37 1548774025 521868 0.904967 
-39 1548774025 541851 0.904972 
-35 1548774025 561894 0.904960 
-33 1548774025 581939 0.904968 
-39 1548774025 601976 0.904961 
-37 1548774025 622030 0.904968 
-39 1548774025 642094 0.904950 
-37 1548774025 662119 0.904958 
-37 1548774025 682176 0.904949 
-35 1548774025 702186 0.904958 
-41 1548774025 722209 0.904946 
-37 1548774025 742288 0.904952 
-39 1548774025 762329 0.904940 
-39 1548774025 782363 0.904938 
-37 1548774025 802419 0.904946 
-39 1548774025 822434 0.904937 
-39 1548774025 842461 0.904939 
-37 1548774025 862538 0.904934 
-37 1548774025 882519 0.904929 
-37 1548774025 902624 0.904939 
-35 1548774025 922676 0.904926 
-37 1548774025 942696 0.904939 
-41 1548774025 962711 0.904919 
-37 1548774025 982760 0.904923 
-37 1548774026 2816 0.904924 
-37 1548774026 22822 0.904927 
-39 1548774026 42858 0.904922 
-41 1548774026 62894 0.904911 
-41 1548774026 82933 0.904913 
-41 1548774026 103009 0.904908 
-35 1548774026 122999 0.904905 
-39 1548774026 143077 0.904907 
-39 1548774026 163137 0.904911 
-37 1548774026 183125 0.904904 
-35 1548774026 203166 0.904905 
-37 1548774026 223223 0.904900 
-39 1548774026 243252 0.904895 
-43 1548774026 263304 0.904899 
-39 1548774026 283338 0.904893 
-41 1548774026 303361 0.904891 
-37 1548774026 323400 0.904895 
-45 1548774026 343455 0.904882 
-43 1548774026 363485 0.904886 
-41 1548774026 383549 0.904882 
-39 1548774026 403609 0.904883 
-45 1548774026 423637 0.904873 
-41 1548774026 443659 0.904878 
-43 1548774026 463679 0.904873 
-41 1548774026 483779 0.904869 
-43 1548774026 503818 0.904867 
-41 1548774026 523839 0.904873 
-45 1548774026 543874 0.904867 
-43 1548774026 563890 0.904867 
-43 1548774026 583939 0.904855 
-41 1548774026 603990 0.904858 
-45 1548774026 624010 0.904865 
-41 1548774026 644045 0.904860 
-43 1548774026 664114 0.904851 
-45 1548774026 684117 0.904854 
-41 1548774026 704185 0.904854 
-39 1548774026 724218 0.904851 
-35 1548774026 744282 0.904855 
-43 1548774026 764269 0.904850 
-43 1548774026 784329 0.904839 
-43 1548774026 804378 0.904836 
-43 1548774026 824436 0.904840 
-45 1548774026 844444 0.904854 
-43 1548774026 864467 0.904838 
-39 1548774026 884505 0.904835 
-41 1548774026 904562 0.904830 
-41 1548774026 924630 0.904829 
-45 1548774026 944638 0.904834 
-43 1548774026 964696 0.904834 
-39 1548774026 984759 0.904813 
-39 1548774027 4761 0.904819 
-43 1548774027 24780 0.904828 
-41 1548774027 44819 0.904819 
-39 1548774027 64896 0.904816 
-43 1548774027 84919 0.904819 
-45 1548774027 104983 0.904810 
-41 1548774027 125001 0.904813 
-41 1548774027 145015 0.904805 
-43 1548774027 165067 0.904806 
-41 1548774027 185126 0.904807 
-39 1548774027 205156 0.904807 
-41 1548774027 225219 0.904792 
-43 1548774027 245254 0.904799 
-43 1548774027 265285 0.904794 
-39 1548774027 285331 0.904789 
-41 1548774027 305344 0.904788 
-35 1548774027 325399 0.904794 
-43 1548774027 345412 0.904794 
-39 1548774027 365455 0.904781 
-41 1548774027 385530 0.904783 
-41 1548774027 405535 0.904775 
-39 1548774027 425570 0.904788 
-39 1548774027 445614 0.904780 
-35 1548774027 465642 0.904773 
-41 1548774027 485662 0.904778 
-35 1548774027 505716 0.904764 
-41 1548774027 525766 0.904764 
-39 1548774027 545811 0.904763 
-41 1548774027 565856 0.904762 
-39 1548774027 585900 0.904766 
-37 1548774027 605900 0.904766 
-39 1548774027 625974 0.904755 
-43 1548774027 646017 0.904753 
-41 1548774027 666015 0.904752 
-39 1548774027 686079 0.904753 
-41 1548774027 706139 0.904756 
-37 1548774027 726168 0.904755 
-39 1548774027 746241 0.904750 
-45 1548774027 766227 0.904736 
-35 1548774027 786262 0.904738 
-41 1548774027 806363 0.904739 
-37 1548774027 826408 0.904742 
-35 1548774027 846412 0.904742 
-41 1548774027 866459 0.904736 
-39 1548774027 886464 0.904742 
-39 1548774027 906554 0.904731 
-35 1548774027 926555 0.904734 
-43 1548774027 946596 0.904727 
-37 1548774027 966653 0.904723 
-37 1548774027 986706 0.904731 
-37 1548774028 6713 0.904723 
-37 1548774028 26776 0.904730 
-35 1548774028 46820 0.904712 
-35 1548774028 66842 0.904720 
-37 1548774028 86890 0.904713 
-37 1548774028 106927 0.904713 
-37 1548774028 126986 0.904707 
-41 1548774028 146996 0.904707 
-37 1548774028 167043 0.904703 
-35 1548774028 187091 0.904705 
-37 1548774028 207157 0.904701 
-39 1548774028 227171 0.904700 
-39 1548774028 247215 0.904692 
-39 1548774028 267266 0.904696 
-37 1548774028 287267 0.904696 
-41 1548774028 307303 0.904702 
-37 1548774028 327383 0.904689 
-35 1548774028 347426 0.904685 
-37 1548774028 367412 0.904689 
-39 1548774028 387447 0.904678 
-35 1548774028 407523 0.904683 
-39 1548774028 427556 0.904683 
-39 1548774028 447621 0.904670 
-35 1548774028 467605 0.904680 
-41 1548774028 487638 0.904679 
-39 1548774028 507716 0.904666 
-37 1548774028 527782 0.904673 
-37 1548774028 547783 0.904669 
-41 1548774028 567823 0.904666 
-35 1548774028 587877 0.904668 
-39 1548774028 607930 0.904659 
-37 1548774028 627955 0.904657 
-41 1548774028 647955 0.904661 
-39 1548774028 667993 0.904651 
-37 1548774028 688073 0.904645 
-37 1548774028 708070 0.904650 
-39 1548774028 728142 0.904648 
-37 1548774028 748154 0.904648 
-35 1548774028 768189 0.904642 
-39 1548774028 788229 0.904646 
-39 1548774028 808323 0.904639 
-39 1548774028 828344 0.904648 
-39 1548774028 848344 0.904634 
-37 1548774028 868389 0.904637 
-37 1548774028 888459 0.904635 
-41 1548774028 908458 0.904635 
-43 1548774028 928525 0.904629 
-41 1548774028 948554 0.904635 
-43 1548774028 968580 0.904633 
-39 1548774028 988641 0.904630 
-39 1548774029 8691 0.904624 
-43 1548774029 28706 0.904623 
-45 1548774029 48762 0.904612 
-41 1548774029 68781 0.904619 
-43 1548774029 88826 0.904614 
-39 1548774029 108890 0.904620 
-43 1548774029 128890 0.904609 
-39 1548774029 148938 0.904608 
-39 1548774029 169014 0.904617 
-41 1548774029 189046 0.904606 
-43 1548774029 209076 0.904598 
-39 1548774029 229115 0.904603 
-41 1548774029 249170 0.904586 
-45 1548774029 269189 0.904604 
-39 1548774029 289190 0.904591 
-41 1548774029 309249 0.904589 
-45 1548774029 329302 0.904587 
-39 1548774029 349330 0.904589 
-45 1548774029 369400 0.904585 
-43 1548774029 389422 0.904583 
-45 1548774029 409462 0.904580 
-43 1548774029 429483 0.904579 
-43 1548774029 449503 0.904572 
-43 1548774029 469548 0.904573 
-41 1548774029 489582 0.904570 
-47 1548774029 509635 0.904579 
-39 1548774029 529693 0.904567 
-43 1548774029 549699 0.904565 
-39 1548774029 569787 0.904561 
-45 1548774029 589782 0.904562 
-45 1548774029 609819 0.904559 
-43 1548774029 629909 0.904562 
-41 1548774029 649939 0.904561 
-43 1548774029 669982 0.904553 
-41 1548774029 690016 0.904556 
-39 1548774029 710016 0.904550 
-43 1548774029 730051 0.904547 
-43 1548774029 750116 0.904539 
-43 1548774029 770162 0.904541 
-41 1548774029 790195 0.904550 
-41 1548774029 810231 0.904542 
-47 1548774029 830294 0.904546 
-41 1548774029 850308 0.904531 
-39 1548774029 870332 0.904543 
-41 1548774029 890399 0.904524 
-39 1548774029 910429 0.904529 
-41 1548774029 930464 0.904528 
-41 1548774029 950498 0.904512 
-47 1548774029 970558 0.904537 
-43 1548774029 990572 0.904521 
-43 1548774030 10652 0.904515 
-41 1548774030 30645 0.904508 
-45 1548774030 50709 0.904534 
-41 1548774030 70786 0.904520 
-41 1548774030 90824 0.904514 
-39 1548774030 110830 0.904509 
-39 1548774030 130874 0.904521 
-39 1548774030 150882 0.904508 
-39 1548774030 170932 0.904504 
-37 1548774030 191002 0.904508 
-41 1548774030 211020 0.904498 
-37 1548774030 231042 0.904484 
-43 1548774030 251093 0.904500 
-41 1548774030 271114 0.904490 
-41 1548774030 291168 0.904496 
-39 1548774030 311222 0.904485 
-41 1548774030 331251 0.904476 
-37 1548774030 351287 0.904492 
-43 1548774030 371360 0.904489 
-37 1548774030 391395 0.904482 
-35 1548774030 411414 0.904482 
-37 1548774030 431472 0.904473 
-39 1548774030 451478 0.904479 
-39 1548774030 471556 0.904476 
-37 1548774030 491551 0.904480 
-39 1548774030 511612 0.904473 
-39 1548774030 531626 0.904462 
-35 1548774030 551657 0.904458 
-39 1548774030 571709 0.904467 
-39 1548774030 591772 0.904457 
-39 1548774030 611774 0.904463 
-39 1548774030 631835 0.904464 
-37 1548774030 651903 0.904460 
-37 1548774030 671933 0.904457 
-35 1548774030 691941 0.904451 
-37 1548774030 712036 0.904452 
-37 1548774030 732020 0.904451 
-37 1548774030 752113 0.904457 
-35 1548774030 772114 0.904440 
-37 1548774030 792187 0.904440 
-39 1548774030 812180 0.904445 
-37 1548774030 832268 0.904441 
-37 1548774030 852286 0.904435 
-39 1548774030 872338 0.904423 
-43 1548774030 892342 0.904438 
-37 1548774030 912446 0.904429 
-37 1548774030 932463 0.904432 
-35 1548774030 952461 0.904421 
-43 1548774030 972503 0.904425 
-37 1548774030 992569 0.904420 
-37 1548774031 12589 0.904430 
-41 1548774031 32636 0.904414 
-39 1548774031 52676 0.904418 
-35 1548774031 72770 0.904417 
-37 1548774031 92787 0.904420 
-39 1548774031 112823 0.904406 
-37 1548774031 132825 0.904412 
-41 1548774031 152900 0.904406 
-37 1548774031 172942 0.904404 
-39 1548774031 192933 0.904403 
-39 1548774031 212977 0.904403 
-37 1548774031 233019 0.904402 
-37 1548774031 253075 0.904397 
-37 1548774031 273132 0.904395 
-35 1548774031 293242 0.904390 
-31 1548774031 313174 0.904387 
-41 1548774031 333225 0.904399 
-37 1548774031 353257 0.904386 
-37 1548774031 373287 0.904396 
-35 1548774031 393343 0.904382 
-39 1548774031 413441 0.904381 
-37 1548774031 433409 0.904373 
-37 1548774031 453504 0.904380 
-37 1548774031 473512 0.904369 
-35 1548774031 493547 0.904379 
-35 1548774031 513569 0.904365 
-37 1548774031 533610 0.904369 
-35 1548774031 553697 0.904369 
-41 1548774031 573721 0.904373 
-37 1548774031 593786 0.904368 
-37 1548774031 613779 0.904359 
-41 1548774031 633826 0.904355 
-37 1548774031 653884 0.904348 
-37 1548774031 673930 0.904353 
-39 1548774031 693964 0.904360 
-39 1548774031 713961 0.904348 
-39 1548774031 733991 0.904343 
-45 1548774031 754063 0.904342 
-39 1548774031 774119 0.904349 
-37 1548774031 794114 0.904348 
-37 1548774031 814168 0.904338 
-39 1548774031 834245 0.904336 
-39 1548774031 854278 0.904333 
-37 1548774031 874287 0.904342 
-37 1548774031 894321 0.904331 
-37 1548774031 914347 0.904330 
-35 1548774031 934448 0.904326 
-39 1548774031 954447 0.904331 
-39 1548774031 974524 0.904327 
-39 1548774031 994514 0.904318 
-41 1548774032 14603 0.904325 
-43 1548774032 34627 0.904319 
-37 1548774032 54628 0.904309 
-43 1548774032 74662 0.904315 
-41 1548774032 94697 0.904312 
-37 1548774032 114771 0.904315 
-39 1548774032 134819 0.904308 
-39 1548774032 154847 0.904312 
-41 1548774032 174893 0.904307 
-41 1548774032 194891 0.904302 
-41 1548774032 214962 0.904304 
-37 1548774032 234996 0.904305 
-41 1548774032 255004 0.904297 
-39 1548774032 275077 0.904293 
-37 1548774032 295115 0.904288 
-43 1548774032 315115 0.904291 
-43 1548774032 335160 0.904285 
-39 1548774032 355223 0.904296 
-39 1548774032 375249 0.904276 
-39 1548774032 395274 0.904275 
-41 1548774032 415364 0.904271 
-43 1548774032 435395 0.904281 
-43 1548774032 455394 0.904291 
-39 1548774032 475466 0.904279 
-39 1548774032 495467 0.904264 
-43 1548774032 515505 0.904266 
-41 1548774032 535576 0.904266 
-39 1548774032 555618 0.904276 
-39 1548774032 575620 0.904258 
-37 1548774032 595670 0.904265 
-41 1548774032 615702 0.904260 
-41 1548774032 635772 0.904258 
-39 1548774032 655807 0.904253 
-37 1548774032 675826 0.904259 
-39 1548774032 695878 0.904249 
-39 1548774032 715947 0.904259 
-41 1548774032 735944 0.904241 
-39 1548774032 756019 0.904248 
-39 1548774032 776061 0.904240 
-41 1548774032 796103 0.904246 
-39 1548774032 816118 0.904242 
-41 1548774032 836179 0.904242 
-41 1548774032 856190 0.904229 
-37 1548774032 876231 0.904238 
-41 1548774032 896297 0.904226 
-37 1548774032 916315 0.904235 
-35 1548774032 936344 0.904226 
-37 1548774032 956388 0.904225 
-37 1548774032 976426 0.904221 
-35 1548774032 996494 0.904224 
-37 1548774033 16507 0.904233 
-39 1548774033 36572 0.904222 
-41 1548774033 56579 0.904214 
-37 1548774033 76629 0.904210 
-41 1548774033 96670 0.904213 
-37 1548774033 116688 0.904222 
-37 1548774033 136773 0.904200 
-35 1548774033 156832 0.904199 
-35 1548774033 176842 0.904200 
-39 1548774033 196882 0.904202 
-37 1548774033 216905 0.904198 
-37 1548774033 236965 0.904192 
-33 1548774033 257004 0.904198 
-37 1548774033 277049 0.904196 
-37 1548774033 297080 0.904189 
-41 1548774033 317121 0.904191 
-37 1548774033 337181 0.904180 
-37 1548774033 357214 0.904178 
-37 1548774033 377233 0.904181 
-37 1548774033 397256 0.904187 
-35 1548774033 417290 0.904176 
-37 1548774033 437351 0.904174 
-37 1548774033 457371 0.904169 
-39 1548774033 477433 0.904178 
-33 1548774033 497440 0.904167 
-37 1548774033 517529 0.904180 
-35 1548774033 537559 0.904170 
-35 1548774033 557546 0.904164 
-37 1548774033 577608 0.904163 
-39 1548774033 597653 0.904163 
-39 1548774033 617672 0.904165 
-35 1548774033 637762 0.904159 
-35 1548774033 657831 0.904154 
-37 1548774033 677831 0.904154 
-35 1548774033 697829 0.904152 
-33 1548774033 717898 0.904149 
-41 1548774033 737938 0.904153 
-37 1548774033 757965 0.904143 
-35 1548774033 778023 0.904146 
-37 1548774033 798063 0.904148 
-35 1548774033 818064 0.904139 
-37 1548774033 838132 0.904130 
-37 1548774033 858167 0.904142 
-35 1548774033 878211 0.904132 
-33 1548774033 898236 0.904137 
-35 1548774033 918297 0.904130 
-33 1548774033 938336 0.904136 
-39 1548774033 958351 0.904117 
-33 1548774033 978406 0.904124 
-35 1548774033 998432 0.904115 
-37 1548774034 18468 0.904119 
-39 1548774034 38526 0.904115 
-37 1548774034 58559 0.904114 
-37 1548774034 78558 0.904103 
-35 1548774034 98591 0.904116 
-37 1548774034 118667 0.904111 
-37 1548774034 138716 0.904114 
-37 1548774034 158712 0.904100 
-37 1548774034 178793 0.904109 
-41 1548774034 198834 0.904100 
-37 1548774034 218816 0.904097 
-39 1548774034 238889 0.904104 
-37 1548774034 258908 0.904099 
-37 1548774034 278940 0.904091 
-35 1548774034 299004 0.904094 
-35 1548774034 319033 0.904099 
-35 1548774034 339081 0.904083 
-39 1548774034 359109 0.904083 
-37 1548774034 379161 0.904092 
-33 1548774034 399201 0.904078 
-35 1548774034 419216 0.904078 
-37 1548774034 439259 0.904080 
-37 1548774034 459296 0.904076 
-37 1548774034 479377 0.904071 
-37 1548774034 499371 0.904073 
-37 1548774034 519432 0.904072 
-35 1548774034 539438 0.904069 
-39 1548774034 559482 0.904064 
-41 1548774034 579555 0.904065 
-39 1548774034 599600 0.904066 
-39 1548774034 619601 0.904067 
-41 1548774034 639679 0.904053 
-39 1548774034 659693 0.904058 
-35 1548774034 679732 0.904048 
-43 1548774034 699833 0.904056 
-37 1548774034 719835 0.904047 
-41 1548774034 739840 0.904044 
-37 1548774034 759919 0.904042 
-39 1548774034 779946 0.904042 
-39 1548774034 799969 0.904043 
-37 1548774034 819999 0.904043 
-41 1548774034 840025 0.904038 
-39 1548774034 860117 0.904037 
-37 1548774034 880104 0.904027 
-41 1548774034 900163 0.904036 
-43 1548774034 920182 0.904033 
-39 1548774034 940247 0.904037 
-37 1548774034 960290 0.904019 
-43 1548774034 980294 0.904019 
-41 1548774035 364 0.904025 
-39 1548774035 20409 0.904030 
-37 1548774035 40460 0.904025 
-39 1548774035 60467 0.904014 
-41 1548774035 80507 0.903998 
-41 1548774035 100519 0.904015 
-41 1548774035 120588 0.904006 
-41 1548774035 140629 0.904011 
-41 1548774035 160659 0.903989 
-41 1548774035 180682 0.904004 
-41 1548774035 200795 0.904009 
-39 1548774035 220833 0.904009 
-41 1548774035 240834 0.903999 
-41 1548774035 260833 0.903995 
-41 1548774035 280908 0.903988 
-39 1548774035 300917 0.904004 
-41 1548774035 320969 0.904014 
-41 1548774035 340998 0.903997 
-39 1548774035 361053 0.903998 
-45 1548774035 381066 0.904009 
-39 1548774035 401143 0.904003 
-39 1548774035 421181 0.903994 
-39 1548774035 441175 0.904005 
-41 1548774035 461240 0.903998 
-41 1548774035 481295 0.904003 
-41 1548774035 501301 0.904000 
-37 1548774035 521355 0.903999 
-41 1548774035 541379 0.904000 
-37 1548774035 561432 0.903999 
-39 1548774035 581478 0.904005 
-37 1548774035 601496 0.903992 
-39 1548774035 621541 0.904009 
-43 1548774035 641606 0.903997 
-41 1548774035 661638 0.904000 
-41 1548774035 681701 0.903994 
-43 1548774035 701713 0.904009 
-43 1548774035 721778 0.903999 
-41 1548774035 741828 0.904010 
