-41 1548773721 4855 0.904042 
-39 1548773721 24868 0.904028 
-41 1548773721 44885 0.904044 
-47 1548773721 64947 0.904027 
-37 1548773721 85020 0.904045 
-43 1548773721 105047 0.904039 
-43 1548773721 125068 0.904055 
-39 1548773721 145145 0.904050 
-37 1548773721 165191 0.904045 
-39 1548773721 185211 0.904050 
-43 1548773721 205212 0.904060 
-41 1548773721 225253 0.904061 
-37 1548773721 245319 0.904052 
-43 1548773721 265363 0.904067 
-39 1548773721 285397 0.904063 
-39 1548773721 305442 0.904058 
-37 1548773721 325509 0.904073 
-37 1548773721 345504 0.904065 
-39 1548773721 365558 0.904072 
-41 1548773721 385610 0.904066 
-37 1548773721 405610 0.904081 
-39 1548773721 425646 0.904066 
-35 1548773721 445695 0.904072 
-39 1548773721 465753 0.904076 
-37 1548773721 485771 0.904083 
-39 1548773721 505834 0.904084 
-37 1548773721 525855 0.904084 
-37 1548773721 545938 0.904089 
-39 1548773721 565934 0.904093 
-37 1548773721 585994 0.904088 
-35 1548773721 606002 0.904092 
-35 1548773721 626072 0.904089 
-39 1548773721 646094 0.904095 
-41 1548773721 666114 0.904102 
-41 1548773721 686180 0.904108 
-37 1548773721 706254 0.904103 
-39 1548773721 726259 0.904109 
-37 1548773721 746270 0.904099 
-41 1548773721 766301 0.904106 
-35 1548773721 786377 0.904111 
-39 1548773721 806444 0.904115 
-35 1548773721 826442 0.904106 
-37 1548773721 846506 0.904127 
-37 1548773721 866520 0.904116 
-39 1548773721 886602 0.904130 
-35 1548773721 906618 0.904116 
-35 1548773721 926632 0.904120 
-37 1548773721 946695 0.904124 
-35 1548773721 966696 0.904128 
-39 1548773721 986766 0.904130 
-39 1548773722 6777 0.904135 
-39 1548773722 26854 0.904136 
-39 1548773722 46866 0.904136 
-39 1548773722 66929 0.904139 
-43 1548773722 86948 0.904138 
-41 1548773722 106961 0.904146 
-41 1548773722 127046 0.904150 
-41 1548773722 147080 0.904154 
-41 1548773722 167087 0.904139 
-39 1548773722 187139 0.904149 
-41 1548773722 207243 0.904150 
-41 1548773722 227212 0.904153 
-43 1548773722 247255 0.904164 
-39 1548773722 267313 0.904166 
-37 1548773722 287371 0.904160 
-43 1548773722 307393 0.904165 
-43 1548773722 327472 0.904174 
-41 1548773722 347485 0.904169 
-37 1548773722 367536 0.904171 
-43 1548773722 387537 0.904174 
-37 1548773722 407584 0.904163 
-35 1548773722 427644 0.904182 
-43 1548773722 447668 0.904181 
-41 1548773722 467675 0.904175 
-37 1548773722 487748 0.904180 
-37 1548773722 507759 0.904180 
-41 1548773722 527812 0.904187 
-41 1548773722 547870 0.904178 
-39 1548773722 567908 0.904192 
-43 1548773722 587954 0.904189 
-39 1548773722 607955 0.904199 
-41 1548773722 628039 0.904188 
-41 1548773722 648042 0.904208 
-39 1548773722 668115 0.904205 
-41 1548773722 688129 0.904210 
-39 1548773722 708214 0.904200 
-39 1548773722 728243 0.904205 
-39 1548773722 748271 0.904207 
-39 1548773722 768275 0.904211 
-41 1548773722 788358 0.904211 
-41 1548773722 808391 0.904213 
-37 1548773722 828384 0.904211 
-39 1548773722 848429 0.904215 
-43 1548773722 868451 0.904222 
-39 1548773722 888507 0.904227 
-37 1548773722 908586 0.904219 
-39 1548773722 928599 0.904221 
-37 1548773722 948633 0.904220 
-39 1548773722 968675 0.904225 
-41 1548773722 988712 0.904237 
-41 1548773723 8754 0.904237 
-43 1548773723 28790 0.904232 
-43 1548773723 48840 0.904232 
-41 1548773723 68901 0.904235 
-41 1548773723 88909 0.904240 
-45 1548773723 108982 0.904247 
-43 1548773723 128982 0.904238 
-45 1548773723 149045 0.904243 
-41 1548773723 169094 0.904246 
-39 1548773723 189149 0.904252 
-41 1548773723 209130 0.904257 
-43 1548773723 229214 0.904260 
-39 1548773723 249257 0.904250 
-37 1548773723 269260 0.904258 
-37 1548773723 289339 0.904270 
-39 1548773723 309340 0.904263 
-39 1548773723 329395 0.904261 
-41 1548773723 349435 0.904281 
-37 1548773723 369448 0.904266 
-39 1548773723 389487 0.904269 
-39 1548773723 409528 0.904276 
-41 1548773723 429610 0.904274 
-39 1548773723 449636 0.904272 
-37 1548773723 469674 0.904285 
-39 1548773723 489680 0.904291 
-41 1548773723 509735 0.904291 
-39 1548773723 529761 0.904288 
-39 1548773723 549850 0.904291 
-43 1548773723 569871 0.904291 
-39 1548773723 589910 0.904298 
-39 1548773723 609923 0.904285 
-47 1548773723 630011 0.904294 
-37 1548773723 650042 0.904294 
-39 1548773723 670025 0.904307 
-39 1548773723 690117 0.904293 
-37 1548773723 710124 0.904309 
-39 1548773723 730200 0.904308 
-39 1548773723 750257 0.904303 
-39 1548773723 770257 0.904318 
-37 1548773723 790252 0.904315 
-45 1548773723 810316 0.904315 
-41 1548773723 830385 0.904307 
-39 1548773723 850381 0.904312 
-37 1548773723 870448 0.904323 
-41 1548773723 890488 0.904321 
-39 1548773723 910501 0.904324 
-39 1548773723 930550 0.904323 
-39 1548773723 950628 0.904331 
-35 1548773723 970617 0.904319 
-39 1548773723 990672 0.904337 
-37 1548773724 10706 0.904336 
-39 1548773724 30754 0.904338 
-39 1548773724 50821 0.904340 
-35 1548773724 70874 0.904337 
-35 1548773724 90863 0.904342 
-41 1548773724 110922 0.904343 
-35 1548773724 130976 0.904342 
-37 1548773724 150972 0.904355 
-41 1548773724 171023 0.904347 
-39 1548773724 191097 0.904355 
-37 1548773724 211134 0.904349 
-35 1548773724 231152 0.904365 
-37 1548773724 251208 0.904357 
-39 1548773724 271244 0.904360 
-39 1548773724 291278 0.904362 
-39 1548773724 311318 0.904363 
-37 1548773724 331339 0.904369 
-39 1548773724 351428 0.904374 
-33 1548773724 371472 0.904376 
-35 1548773724 391472 0.904359 
-37 1548773724 411489 0.904373 
-35 1548773724 431562 0.904381 
-33 1548773724 451599 0.904381 
-33 1548773724 471629 0.904373 
-37 1548773724 491645 0.904382 
-39 1548773724 511713 0.904381 
-39 1548773724 531782 0.904382 
-35 1548773724 551776 0.904387 
-39 1548773724 571864 0.904386 
-39 1548773724 591858 0.904391 
-39 1548773724 611927 0.904391 
-39 1548773724 631951 0.904392 
-39 1548773724 651987 0.904387 
-37 1548773724 672056 0.904406 
-35 1548773724 692046 0.904401 
-37 1548773724 712092 0.904402 
-35 1548773724 732198 0.904407 
-39 1548773724 752187 0.904403 
-35 1548773724 772260 0.904408 
-35 1548773724 792329 0.904420 
-39 1548773724 812352 0.904412 
-33 1548773724 832368 0.904417 
-35 1548773724 852402 0.904417 
-37 1548773724 872447 0.904419 
-41 1548773724 892471 0.904419 
-39 1548773724 912497 0.904421 
-35 1548773724 932527 0.904426 
-35 1548773724 952573 0.904421 
-37 1548773724 972592 0.904427 
-31 1548773724 992655 0.904426 
-37 1548773725 12669 0.904431 
-35 1548773725 32702 0.904438 
-35 1548773725 52779 0.904436 
-37 1548773725 72778 0.904435 
-35 1548773725 92817 0.904440 
-37 1548773725 112887 0.904447 
-39 1548773725 132904 0.904447 
-35 1548773725 152952 0.904453 
-39 1548773725 172997 0.904437 
-35 1548773725 193045 0.904448 
-39 1548773725 213092 0.904459 
-39 1548773725 233199 0.904458 
-41 1548773725 253153 0.904467 
-37 1548773725 273216 0.904462 
-39 1548773725 293266 0.904470 
-39 1548773725 313321 0.904464 
-37 1548773725 333308 0.904474 
-39 1548773725 353402 0.904459 
-39 1548773725 373404 0.904463 
-37 1548773725 393480 0.904462 
-37 1548773725 413505 0.904478 
-43 1548773725 433520 0.904469 
-35 1548773725 453594 0.904473 
-41 1548773725 473590 0.904474 
-39 1548773725 493678 0.904479 
-37 1548773725 513692 0.904478 
-37 1548773725 533737 0.904492 
-39 1548773725 553757 0.904486 
-41 1548773725 573818 0.904496 
-37 1548773725 593832 0.904485 
-37 1548773725 613858 0.904500 
-43 1548773725 633906 0.904492 
-39 1548773725 653994 0.904495 
-39 1548773725 673996 0.904506 
-41 1548773725 694094 0.904500 
-41 1548773725 714122 0.904506 
-39 1548773725 734120 0.904501 
-41 1548773725 754157 0.904515 
-43 1548773725 774217 0.904507 
-41 1548773725 794246 0.904510 
-39 1548773725 814329 0.904519 
-43 1548773725 834314 0.904510 
-43 1548773725 854381 0.904517 
-41 1548773725 874453 0.904517 
-37 1548773725 894487 0.904518 
-45 1548773725 914514 0.904529 
-41 1548773725 934514 0.904530 
-41 1548773725 954597 0.904524 
-41 1548773725 974618 0.904531 
-41 1548773725 994687 0.904539 
-41 1548773726 14704 0.904539 
-41 1548773726 34741 0.904536 
-37 1548773726 54779 0.904545 
-37 1548773726 74794 0.904537 
-37 1548773726 94875 0.904553 
-39 1548773726 114915 0.904541 
-41 1548773726 134925 0.904551 
-39 1548773726 154977 0.904550 
-39 1548773726 175017 0.904546 
-41 1548773726 195073 0.904548 
-37 1548773726 215106 0.904552 
-43 1548773726 235100 0.904561 
-39 1548773726 255219 0.904565 
-41 1548773726 275301 0.904559 
-39 1548773726 295264 0.904563 
-45 1548773726 315265 0.904564 
-45 1548773726 335345 0.904563 
-41 1548773726 355344 0.904569 
-41 1548773726 375466 0.904573 
-39 1548773726 395479 0.904573 
-41 1548773726 415493 0.904568 
-39 1548773726 435509 0.904575 
-39 1548773726 455584 0.904576 
-45 1548773726 475640 0.904581 
-43 1548773726 495680 0.904587 
-39 1548773726 515691 0.904583 
-39 1548773726 535739 0.904583 
-39 1548773726 555768 0.904591 
-41 1548773726 575811 0.904589 
-39 1548773726 595819 0.904590 
-35 1548773726 615881 0.904597 
-39 1548773726 635939 0.904602 
-37 1548773726 655961 0.904595 
-37 1548773726 675982 0.904598 
-43 1548773726 696042 0.904608 
-41 1548773726 716111 0.904590 
-41 1548773726 736202 0.904607 
-39 1548773726 756190 0.904609 
-37 1548773726 776221 0.904611 
-41 1548773726 796257 0.904611 
-41 1548773726 816264 0.904606 
-39 1548773726 836329 0.904615 
-37 1548773726 856347 0.904615 
-41 1548773726 876455 0.904618 
-39 1548773726 896460 0.904622 
-41 1548773726 916515 0.904619 
-35 1548773726 936528 0.904619 
-35 1548773726 956585 0.904625 
-37 1548773726 976641 0.904628 
-41 1548773726 996663 0.904634 
-39 1548773727 16663 0.904623 
-37 1548773727 36706 0.904642 
-41 1548773727 56743 0.904639 
-41 1548773727 76806 0.904647 
-37 1548773727 96846 0.904646 
-39 1548773727 116846 0.904646 
-43 1548773727 136909 0.904642 
-41 1548773727 156957 0.904652 
-39 1548773727 176955 0.904652 
-37 1548773727 197011 0.904663 
-35 1548773727 217071 0.904647 
-39 1548773727 237098 0.904651 
-35 1548773727 257150 0.904656 
-33 1548773727 277223 0.904657 
-37 1548773727 297224 0.904658 
-37 1548773727 317262 0.904666 
-39 1548773727 337346 0.904669 
-39 1548773727 357331 0.904664 
-39 1548773727 377392 0.904672 
-37 1548773727 397408 0.904674 
-39 1548773727 417447 0.904677 
-39 1548773727 437483 0.904675 
-37 1548773727 457527 0.904669 
-39 1548773727 477584 0.904679 
-35 1548773727 497619 0.904690 
-37 1548773727 517695 0.904689 
-37 1548773727 537721 0.904670 
-35 1548773727 557764 0.904691 
-37 1548773727 577786 0.904686 
-39 1548773727 597814 0.904702 
-39 1548773727 617886 0.904695 
-35 1548773727 637931 0.904698 
-33 1548773727 657934 0.904690 
-39 1548773727 677962 0.904706 
-39 1548773727 698040 0.904701 
-37 1548773727 718082 0.904713 
-39 1548773727 738082 0.904701 
-37 1548773727 758139 0.904707 
-41 1548773727 778205 0.904709 
-37 1548773727 798223 0.904714 
-39 1548773727 818263 0.904714 
-33 1548773727 838286 0.904723 
-39 1548773727 858315 0.904714 
-41 1548773727 878408 0.904724 
-39 1548773727 898428 0.904718 
-35 1548773727 918459 0.904728 
-37 1548773727 938483 0.904725 
-37 1548773727 958534 0.904719 
-35 1548773727 978572 0.904735 
-37 1548773727 998588 0.904738 
-41 1548773728 18673 0.904735 
-35 1548773728 38661 0.904733 
-35 1548773728 58747 0.904738 
-39 1548773728 78778 0.904742 
-41 1548773728 98774 0.904745 
-37 1548773728 118817 0.904751 
-41 1548773728 138909 0.904744 
-41 1548773728 158912 0.904749 
-39 1548773728 178966 0.904749 
-41 1548773728 198984 0.904756 
-39 1548773728 219049 0.904750 
-37 1548773728 239109 0.904763 
-37 1548773728 259131 0.904767 
-37 1548773728 279193 0.904752 
-39 1548773728 299224 0.904769 
-35 1548773728 319264 0.904760 
-39 1548773728 339267 0.904760 
-35 1548773728 359345 0.904778 
-39 1548773728 379358 0.904774 
-37 1548773728 399386 0.904774 
-43 1548773728 419448 0.904783 
-37 1548773728 439506 0.904788 
-43 1548773728 459496 0.904774 
-43 1548773728 479530 0.904779 
-41 1548773728 499609 0.904777 
-39 1548773728 519638 0.904790 
-37 1548773728 539652 0.904788 
-39 1548773728 559670 0.904781 
-39 1548773728 579747 0.904791 
-41 1548773728 599759 0.904795 
-39 1548773728 619818 0.904800 
-41 1548773728 639864 0.904789 
-39 1548773728 659917 0.904792 
-41 1548773728 679929 0.904797 
-39 1548773728 700003 0.904808 
-41 1548773728 720038 0.904801 
-39 1548773728 740069 0.904800 
-39 1548773728 760068 0.904805 
-43 1548773728 780114 0.904817 
-41 1548773728 800150 0.904811 
-39 1548773728 820268 0.904816 
-43 1548773728 840265 0.904819 
-43 1548773728 860282 0.904812 
-45 1548773728 880349 0.904828 
-39 1548773728 900377 0.904827 
-41 1548773728 920375 0.904822 
-41 1548773728 940478 0.904832 
-39 1548773728 960515 0.904825 
-41 1548773728 980534 0.904838 
-41 1548773729 585 0.904832 
-43 1548773729 20618 0.904840 
-41 1548773729 40628 0.904828 
-41 1548773729 60690 0.904843 
-41 1548773729 80725 0.904841 
-45 1548773729 100753 0.904849 
-43 1548773729 120800 0.904839 
-37 1548773729 140847 0.904843 
-41 1548773729 160896 0.904847 
-43 1548773729 180911 0.904856 
-39 1548773729 200979 0.904846 
-41 1548773729 220964 0.904856 
-39 1548773729 241020 0.904856 
-39 1548773729 261084 0.904861 
-43 1548773729 281084 0.904862 
-37 1548773729 301128 0.904863 
-33 1548773729 321205 0.904861 
-37 1548773729 341266 0.904872 
-39 1548773729 361257 0.904871 
-37 1548773729 381281 0.904866 
-35 1548773729 401345 0.904865 
-37 1548773729 421411 0.904877 
-39 1548773729 441451 0.904873 
-39 1548773729 461476 0.904889 
-43 1548773729 481497 0.904873 
-45 1548773729 501538 0.904885 
-37 1548773729 521553 0.904886 
-41 1548773729 541652 0.904885 
-39 1548773729 561635 0.904886 
-41 1548773729 581719 0.904888 
-41 1548773729 601722 0.904895 
-39 1548773729 621749 0.904889 
-37 1548773729 641835 0.904896 
-39 1548773729 661835 0.904902 
-37 1548773729 681913 0.904905 
-37 1548773729 701913 0.904901 
-39 1548773729 721969 0.904899 
-43 1548773729 741993 0.904900 
-39 1548773729 762030 0.904906 
-35 1548773729 782124 0.904917 
-37 1548773729 802134 0.904916 
-39 1548773729 822162 0.904921 
-39 1548773729 842227 0.904913 
-41 1548773729 862230 0.904908 
-35 1548773729 882283 0.904915 
-43 1548773729 902304 0.904923 
-41 1548773729 922338 0.904918 
-35 1548773729 942399 0.904921 
-37 1548773729 962452 0.904930 
-37 1548773729 982438 0.904933 
-39 1548773730 2525 0.904930 
-39 1548773730 22563 0.904937 
-35 1548773730 42567 0.904930 
-37 1548773730 62629 0.904943 
-37 1548773730 82684 0.904928 
-37 1548773730 102736 0.904948 
-39 1548773730 122752 0.904941 
-35 1548773730 142796 0.904955 
-33 1548773730 162839 0.904943 
-37 1548773730 182898 0.904954 
-35 1548773730 202890 0.904954 
-37 1548773730 222940 0.904955 
-37 1548773730 243005 0.904954 
-33 1548773730 262992 0.904966 
-37 1548773730 283066 0.904955 
-35 1548773730 303112 0.904960 
-39 1548773730 323114 0.904968 
-35 1548773730 343158 0.904967 
-39 1548773730 363210 0.904974 
-35 1548773730 383290 0.904972 
-35 1548773730 403320 0.904973 
-37 1548773730 423343 0.904976 
-33 1548773730 443399 0.904983 
-37 1548773730 463410 0.904978 
-31 1548773730 483484 0.904976 
-35 1548773730 503511 0.904984 
-39 1548773730 523499 0.904983 
-33 1548773730 543558 0.904984 
-35 1548773730 563572 0.904990 
-37 1548773730 583647 0.904990 
-37 1548773730 603680 0.904996 
-39 1548773730 623745 0.904999 
-35 1548773730 643761 0.905006 
-31 1548773730 663835 0.905010 
-37 1548773730 683853 0.904998 
-35 1548773730 703877 0.904995 
-37 1548773730 723900 0.905007 
-35 1548773730 743961 0.905015 
-35 1548773730 764024 0.905015 
-35 1548773730 784057 0.905010 
-35 1548773730 804077 0.905009 
-39 1548773730 824121 0.905009 
-35 1548773730 844210 0.905016 
-39 1548773730 864210 0.905016 
-39 1548773730 884227 0.905026 
-39 1548773730 904266 0.905032 
-39 1548773730 924338 0.905011 
-37 1548773730 944343 0.905024 
-37 1548773730 964385 0.905029 
-41 1548773730 984450 0.905028 
-41 1548773731 4452 0.905037 
-37 1548773731 24541 0.905033 
-35 1548773731 44587 0.905045 
-37 1548773731 64616 0.905034 
-35 1548773731 84650 0.905048 
-37 1548773731 104663 0.905044 
-35 1548773731 124745 0.905040 
-31 1548773731 144758 0.905042 
-39 1548773731 164813 0.905051 
-35 1548773731 184822 0.905059 
-37 1548773731 204902 0.905059 
-37 1548773731 224923 0.905050 
-35 1548773731 244962 0.905061 
-35 1548773731 264967 0.905061 
-39 1548773731 285031 0.905061 
-37 1548773731 305058 0.905066 
-41 1548773731 325104 0.905072 
-37 1548773731 345129 0.905054 
-39 1548773731 365211 0.905065 
-37 1548773731 385227 0.905070 
-41 1548773731 405272 0.905071 
-41 1548773731 425375 0.905076 
-39 1548773731 445354 0.905079 
-35 1548773731 465380 0.905079 
-37 1548773731 485404 0.905081 
-35 1548773731 505486 0.905084 
-39 1548773731 525510 0.905083 
-39 1548773731 545524 0.905089 
-41 1548773731 565593 0.905095 
-39 1548773731 585594 0.905088 
-43 1548773731 605652 0.905089 
-39 1548773731 625693 0.905088 
-45 1548773731 645701 0.905096 
-39 1548773731 665848 0.905100 
-39 1548773731 685827 0.905101 
-41 1548773731 705842 0.905099 
-41 1548773731 725920 0.905104 
-43 1548773731 745947 0.905107 
-35 1548773731 765970 0.905110 
-41 1548773731 785995 0.905109 
-41 1548773731 806023 0.905107 
-43 1548773731 826126 0.905107 
-41 1548773731 846129 0.905126 
-43 1548773731 866200 0.905122 
-41 1548773731 886232 0.905118 
-41 1548773731 906274 0.905120 
-37 1548773731 926271 0.905128 
-43 1548773731 946368 0.905123 
-43 1548773731 966401 0.905131 
-39 1548773731 986414 0.905133 
-43 1548773732 6466 0.905132 
-45 1548773732 26526 0.905133 
-43 1548773732 46540 0.905135 
-43 1548773732 66589 0.905131 
-41 1548773732 86602 0.905146 
-41 1548773732 106685 0.905150 
-41 1548773732 126675 0.905153 
-39 1548773732 146730 0.905149 
-39 1548773732 166765 0.905149 
-41 1548773732 186784 0.905154 
-45 1548773732 206839 0.905156 
-39 1548773732 226904 0.905155 
-39 1548773732 246902 0.905154 
-43 1548773732 266948 0.905149 
-39 1548773732 287027 0.905166 
-41 1548773732 307055 0.905160 
-41 1548773732 327096 0.905168 
-39 1548773732 347112 0.905173 
-41 1548773732 367148 0.905164 
-37 1548773732 387229 0.905172 
-37 1548773732 407274 0.905172 
-35 1548773732 427275 0.905173 
-37 1548773732 447333 0.905171 
-39 1548773732 467389 0.905187 
-43 1548773732 487402 0.905177 
-41 1548773732 507462 0.905188 
-41 1548773732 527465 0.905182 
-39 1548773732 547517 0.905182 
-41 1548773732 567542 0.905188 
-33 1548773732 587590 0.905188 
-37 1548773732 607652 0.905201 
-37 1548773732 627649 0.905197 
-39 1548773732 647726 0.905199 
-35 1548773732 667767 0.905198 
-35 1548773732 687795 0.905199 
-43 1548773732 707822 0.905201 
-39 1548773732 727868 0.905210 
-33 1548773732 747948 0.905209 
-37 1548773732 767952 0.905210 
-39 1548773732 787966 0.905214 
-33 1548773732 808027 0.905211 
-37 1548773732 828076 0.905220 
-37 1548773732 848134 0.905210 
-39 1548773732 868148 0.905225 
-39 1548773732 888230 0.905210 
-39 1548773732 908275 0.905227 
-37 1548773732 928295 0.905226 
-37 1548773732 948337 0.905223 
-41 1548773732 968358 0.905227 
-35 1548773732 988409 0.905233 
-39 1548773733 8445 0.905226 
-37 1548773733 28477 0.905237 
-41 1548773733 48506 0.905237 
-39 1548773733 68556 0.905240 
-37 1548773733 88583 0.905238 
-37 1548773733 108664 0.905244 
-39 1548773733 128717 0.905247 
-37 1548773733 148759 0.905234 
-39 1548773733 168757 0.905256 
-39 1548773733 188784 0.905244 
-37 1548773733 208871 0.905250 
-37 1548773733 228904 0.905254 
-39 1548773733 248944 0.905258 
-37 1548773733 268980 0.905259 
-39 1548773733 289021 0.905255 
-37 1548773733 309067 0.905269 
-37 1548773733 329098 0.905266 
-35 1548773733 349145 0.905275 
-33 1548773733 369215 0.905267 
-35 1548773733 389234 0.905270 
-37 1548773733 409267 0.905267 
-39 1548773733 429277 0.905282 
-35 1548773733 449357 0.905276 
-39 1548773733 469404 0.905278 
-39 1548773733 489420 0.905282 
-35 1548773733 509487 0.905283 
-39 1548773733 529483 0.905287 
-39 1548773733 549501 0.905291 
-33 1548773733 569546 0.905283 
-39 1548773733 589593 0.905295 
-33 1548773733 609634 0.905289 
-37 1548773733 629696 0.905297 
-35 1548773733 649710 0.905297 
-37 1548773733 669781 0.905299 
-33 1548773733 689827 0.905302 
-37 1548773733 709883 0.905313 
-39 1548773733 729913 0.905308 
-37 1548773733 749931 0.905309 
-39 1548773733 769965 0.905319 
-35 1548773733 790034 0.905313 
-35 1548773733 810087 0.905315 
-35 1548773733 830124 0.905316 
-41 1548773733 850137 0.905321 
-39 1548773733 870217 0.905319 
-39 1548773733 890273 0.905322 
-39 1548773733 910275 0.905328 
-39 1548773733 930296 0.905326 
-39 1548773733 950324 0.905331 
-39 1548773733 970407 0.905325 
-39 1548773733 990397 0.905330 
-35 1548773734 10486 0.905330 
-41 1548773734 30526 0.905333 
-39 1548773734 50525 0.905328 
-39 1548773734 70610 0.905339 
-41 1548773734 90636 0.905347 
-41 1548773734 110670 0.905337 
-43 1548773734 130718 0.905344 
-33 1548773734 150766 0.905342 
-37 1548773734 170763 0.905343 
-37 1548773734 190843 0.905348 
-37 1548773734 210843 0.905354 
-41 1548773734 230892 0.905356 
-39 1548773734 250968 0.905358 
-41 1548773734 270998 0.905354 
-41 1548773734 291038 0.905361 
-43 1548773734 311038 0.905369 
-41 1548773734 331094 0.905363 
-41 1548773734 351108 0.905365 
-41 1548773734 371154 0.905370 
-39 1548773734 391221 0.905369 
-37 1548773734 411236 0.905377 
-41 1548773734 431278 0.905376 
-39 1548773734 451344 0.905375 
-41 1548773734 471366 0.905376 
-37 1548773734 491410 0.905382 
-43 1548773734 511477 0.905376 
-39 1548773734 531470 0.905381 
-41 1548773734 551523 0.905383 
-39 1548773734 571563 0.905398 
-37 1548773734 591585 0.905392 
-37 1548773734 611648 0.905392 
-41 1548773734 631693 0.905393 
-41 1548773734 651728 0.905394 
-41 1548773734 671741 0.905396 
-39 1548773734 691816 0.905413 
-39 1548773734 711829 0.905410 
-41 1548773734 731919 0.905414 
-41 1548773734 751945 0.905403 
-41 1548773734 771971 0.905408 
-39 1548773734 792006 0.905419 
-43 1548773734 812036 0.905408 
-37 1548773734 832085 0.905409 
-45 1548773734 852130 0.905415 
-41 1548773734 872173 0.905421 
-43 1548773734 892219 0.905424 
-39 1548773734 912237 0.905427 
-39 1548773734 932293 0.905432 
-39 1548773734 952342 0.905422 
-39 1548773734 972345 0.905430 
-41 1548773734 992455 0.905426 
-43 1548773735 12423 0.905432 
-41 1548773735 32470 0.905433 
-41 1548773735 52524 0.905443 
-39 1548773735 72532 0.905436 
-41 1548773735 92597 0.905443 
-41 1548773735 112623 0.905452 
-33 1548773735 132674 0.905443 
-39 1548773735 152721 0.905435 
-33 1548773735 172767 0.905457 
-39 1548773735 192805 0.905448 
-39 1548773735 212831 0.905458 
-41 1548773735 232877 0.905457 
-41 1548773735 252911 0.905458 
-41 1548773735 272939 0.905453 
-37 1548773735 293056 0.905464 
-39 1548773735 313066 0.905465 
-41 1548773735 333076 0.905469 
-41 1548773735 353127 0.905465 
-37 1548773735 373220 0.905471 
-39 1548773735 393282 0.905469 
-37 1548773735 413238 0.905477 
-37 1548773735 433280 0.905474 
-35 1548773735 453360 0.905479 
-35 1548773735 473409 0.905483 
-35 1548773735 493436 0.905482 
-35 1548773735 513487 0.905482 
-35 1548773735 533511 0.905488 
-37 1548773735 553577 0.905483 
-33 1548773735 573579 0.905492 
-37 1548773735 593608 0.905492 
-35 1548773735 613681 0.905497 
-33 1548773735 633710 0.905488 
-37 1548773735 653758 0.905494 
-37 1548773735 673798 0.905488 
-37 1548773735 693854 0.905504 
-41 1548773735 713838 0.905503 
-41 1548773735 733892 0.905515 
-35 1548773735 753930 0.905507 
-39 1548773735 773988 0.905510 
-37 1548773735 794014 0.905507 
-35 1548773735 814063 0.905516 
-37 1548773735 834153 0.905514 
-33 1548773735 854158 0.905515 
-35 1548773735 874208 0.905520 
-37 1548773735 894283 0.905514 
-39 1548773735 914281 0.905525 
-35 1548773735 934337 0.905533 
-37 1548773735 954391 0.905541 
-37 1548773735 974426 0.905532 
-37 1548773735 994423 0.905530 
-39 1548773736 14465 0.905536 
-37 1548773736 34533 0.905530 
-39 1548773736 54614 0.905543 
-39 1548773736 74592 0.905548 
-39 1548773736 94639 0.905544 
-37 1548773736 114722 0.905538 
-33 1548773736 134724 0.905536 
-41 1548773736 154747 0.905553 
-41 1548773736 174834 0.905555 
-39 1548773736 194881 0.905554 
-35 1548773736 214890 0.905558 
-33 1548773736 234952 0.905563 
-35 1548773736 254955 0.905557 
-39 1548773736 275039 0.905558 
-31 1548773736 295046 0.905565 
-35 1548773736 315077 0.905568 
-39 1548773736 335138 0.905570 
-37 1548773736 355221 0.905563 
-35 1548773736 375240 0.905566 
-31 1548773736 395291 0.905566 
-37 1548773736 415279 0.905581 
-35 1548773736 435353 0.905581 
-33 1548773736 455391 0.905577 
-35 1548773736 475467 0.905576 
-35 1548773736 495474 0.905590 
-41 1548773736 515535 0.905581 
-37 1548773736 535545 0.905587 
-37 1548773736 555577 0.905582 
-33 1548773736 575652 0.905593 
-33 1548773736 595690 0.905585 
-35 1548773736 615728 0.905592 
-35 1548773736 635770 0.905601 
-37 1548773736 655808 0.905601 
-37 1548773736 675801 0.905597 
-39 1548773736 695894 0.905596 
-37 1548773736 715925 0.905598 
-39 1548773736 735965 0.905608 
-33 1548773736 755997 0.905610 
-37 1548773736 776004 0.905605 
-39 1548773736 796066 0.905616 
-39 1548773736 816128 0.905605 
-37 1548773736 836144 0.905614 
-35 1548773736 856222 0.905626 
-41 1548773736 876238 0.905618 
-37 1548773736 896284 0.905616 
-35 1548773736 916284 0.905630 
-37 1548773736 936402 0.905630 
-37 1548773736 956431 0.905636 
-41 1548773736 976462 0.905632 
-37 1548773736 996483 0.905634 
-39 1548773737 16514 0.905634 
-37 1548773737 36531 0.905638 
-37 1548773737 56566 0.905636 
-39 1548773737 76603 0.905638 
-37 1548773737 96684 0.905641 
-41 1548773737 116712 0.905643 
-39 1548773737 136766 0.905647 
-43 1548773737 156759 0.905643 
-43 1548773737 176790 0.905645 
-41 1548773737 196849 0.905645 
-39 1548773737 216883 0.905651 
-35 1548773737 236936 0.905662 
-39 1548773737 257002 0.905654 
-37 1548773737 277033 0.905659 
-41 1548773737 297061 0.905660 
-37 1548773737 317081 0.905671 
-41 1548773737 337117 0.905667 
-41 1548773737 357224 0.905674 
-39 1548773737 377226 0.905662 
-41 1548773737 397284 0.905673 
-37 1548773737 417284 0.905680 
-35 1548773737 437343 0.905682 
-39 1548773737 457357 0.905680 
-41 1548773737 477400 0.905691 
-41 1548773737 497446 0.905673 
-37 1548773737 517533 0.905688 
-39 1548773737 537537 0.905679 
-39 1548773737 557578 0.905691 
-39 1548773737 577616 0.905682 
-37 1548773737 597678 0.905692 
-39 1548773737 617705 0.905697 
-43 1548773737 637730 0.905699 
-41 1548773737 657766 0.905702 
-41 1548773737 677821 0.905696 
-37 1548773737 697829 0.905710 
-45 1548773737 717889 0.905696 
-39 1548773737 737961 0.905714 
-39 1548773737 757978 0.905709 
-37 1548773737 778010 0.905718 
-41 1548773737 798067 0.905708 
-43 1548773737 818087 0.905714 
-41 1548773737 838129 0.905713 
-39 1548773737 858155 0.905712 
-41 1548773737 878180 0.905720 
-39 1548773737 898280 0.905732 
-39 1548773737 918301 0.905720 
-39 1548773737 938351 0.905731 
-41 1548773737 958351 0.905724 
-39 1548773737 978399 0.905734 
-41 1548773737 998460 0.905740 
-39 1548773738 18473 0.905741 
-37 1548773738 38500 0.905742 
-39 1548773738 58537 0.905724 
-41 1548773738 78602 0.905735 
-37 1548773738 98651 0.905737 
-41 1548773738 118679 0.905752 
-39 1548773738 138728 0.905748 
-39 1548773738 158775 0.905745 
-39 1548773738 178844 0.905745 
-41 1548773738 198820 0.905750 
-35 1548773738 218864 0.905762 
-37 1548773738 238910 0.905765 
-39 1548773738 258980 0.905760 
-41 1548773738 279010 0.905767 
-39 1548773738 299047 0.905760 
-37 1548773738 319102 0.905764 
-41 1548773738 339133 0.905779 
-37 1548773738 359127 0.905765 
-37 1548773738 379222 0.905768 
-37 1548773738 399226 0.905763 
-41 1548773738 419284 0.905778 
-39 1548773738 439303 0.905774 
-35 1548773738 459367 0.905769 
-35 1548773738 479426 0.905774 
-37 1548773738 499414 0.905787 
-33 1548773738 519462 0.905785 
-33 1548773738 539485 0.905792 
-35 1548773738 559525 0.905775 
-39 1548773738 579549 0.905793 
-35 1548773738 599582 0.905791 
-37 1548773738 619684 0.905795 
-35 1548773738 639679 0.905798 
-37 1548773738 659728 0.905796 
-43 1548773738 679773 0.905803 
-35 1548773738 699831 0.905801 
-35 1548773738 719830 0.905809 
-39 1548773738 739880 0.905812 
-37 1548773738 759937 0.905803 
-37 1548773738 779948 0.905812 
-35 1548773738 800034 0.905815 
-35 1548773738 820039 0.905823 
-37 1548773738 840078 0.905815 
-37 1548773738 860103 0.905818 
-37 1548773738 880126 0.905828 
-39 1548773738 900226 0.905825 
-35 1548773738 920246 0.905815 
-35 1548773738 940307 0.905829 
-37 1548773738 960307 0.905822 
-35 1548773738 980370 0.905825 
-35 1548773739 416 0.905829 
-37 1548773739 20415 0.905831 
-39 1548773739 40454 0.905834 
-35 1548773739 60485 0.905840 
-37 1548773739 80570 0.905840 
-37 1548773739 100584 0.905846 
-37 1548773739 120648 0.905848 
-37 1548773739 140655 0.905850 
-37 1548773739 160728 0.905854 
-37 1548773739 180744 0.905842 
-39 1548773739 200781 0.905850 
-39 1548773739 220828 0.905865 
-39 1548773739 240923 0.905862 
-41 1548773739 260940 0.905856 
-35 1548773739 280962 0.905864 
-37 1548773739 301014 0.905862 
-37 1548773739 321035 0.905875 
-37 1548773739 341079 0.905874 
-37 1548773739 361104 0.905862 
-41 1548773739 381125 0.905878 
-37 1548773739 401228 0.905874 
-39 1548773739 421227 0.905876 
-39 1548773739 441283 0.905881 
-39 1548773739 461338 0.905883 
-35 1548773739 481337 0.905883 
-37 1548773739 501404 0.905889 
-39 1548773739 521447 0.905880 
-39 1548773739 541479 0.905887 
-43 1548773739 561479 0.905884 
-39 1548773739 581527 0.905887 
-41 1548773739 601585 0.905884 
-41 1548773739 621630 0.905892 
-41 1548773739 641675 0.905896 
-39 1548773739 661716 0.905900 
-37 1548773739 681734 0.905902 
-43 1548773739 701755 0.905911 
-41 1548773739 721798 0.905898 
-41 1548773739 741888 0.905903 
-41 1548773739 761916 0.905907 
-39 1548773739 781939 0.905906 
-39 1548773739 801989 0.905909 
-43 1548773739 822027 0.905917 
-43 1548773739 842040 0.905918 
-39 1548773739 862074 0.905916 
-39 1548773739 882166 0.905917 
-41 1548773739 902228 0.905925 
-41 1548773739 922247 0.905923 
-41 1548773739 942247 0.905928 
-39 1548773739 962278 0.905917 
-43 1548773739 982325 0.905930 
-41 1548773740 2371 0.905940 
-39 1548773740 22432 0.905933 
-43 1548773740 42427 0.905924 
-39 1548773740 62468 0.905940 
-37 1548773740 82525 0.905936 
-39 1548773740 102607 0.905942 
-41 1548773740 122643 0.905941 
-39 1548773740 142662 0.905951 
-39 1548773740 162679 0.905958 
-41 1548773740 182746 0.905944 
-45 1548773740 202767 0.905948 
-41 1548773740 222792 0.905963 
-37 1548773740 242890 0.905967 
-41 1548773740 262920 0.905956 
-41 1548773740 282948 0.905967 
-37 1548773740 302952 0.905959 
-39 1548773740 323040 0.905969 
-37 1548773740 343045 0.905964 
-45 1548773740 363064 0.905974 
-43 1548773740 383142 0.905969 
-39 1548773740 403229 0.905968 
-39 1548773740 423178 0.905974 
-41 1548773740 443298 0.905974 
-41 1548773740 463305 0.905981 
-41 1548773740 483306 0.905977 
-45 1548773740 503357 0.905986 
-41 1548773740 523417 0.905992 
-39 1548773740 543423 0.905989 
-41 1548773740 563496 0.905986 
-37 1548773740 583550 0.905992 
-41 1548773740 603538 0.905990 
-41 1548773740 623590 0.905990 
-45 1548773740 643668 0.906003 
-39 1548773740 663668 0.906005 
-39 1548773740 683720 0.905994 
-41 1548773740 703832 0.906007 
-39 1548773740 723793 0.906008 
-39 1548773740 743837 0.906007 
-39 1548773740 763891 0.906010 
-41 1548773740 783917 0.906012 
-41 1548773740 803986 0.906014 
-39 1548773740 823996 0.906008 
-39 1548773740 844049 0.906013 
-39 1548773740 864086 0.906018 
-43 1548773740 884108 0.906023 
-43 1548773740 904151 0.906028 
-37 1548773740 924230 0.906021 
-35 1548773740 944289 0.906030 
-39 1548773740 964307 0.906036 
-37 1548773740 984340 0.906028 
-39 1548773741 4373 0.906025 
-37 1548773741 24419 0.906029 
-39 1548773741 44434 0.906034 
-37 1548773741 64499 0.906038 
-37 1548773741 84502 0.906044 
-39 1548773741 104560 0.906033 
-41 1548773741 124604 0.906036 
-37 1548773741 144614 0.906049 
-35 1548773741 164673 0.906047 
-35 1548773741 184708 0.906045 
-33 1548773741 204767 0.906058 
-39 1548773741 224777 0.906049 
-37 1548773741 244827 0.906055 
-37 1548773741 264855 0.906063 
-35 1548773741 284918 0.906071 
-39 1548773741 304983 0.906062 
-39 1548773741 324988 0.906069 
-37 1548773741 345078 0.906064 
-37 1548773741 365074 0.906069 
-39 1548773741 385093 0.906075 
-37 1548773741 405148 0.906078 
-35 1548773741 425225 0.906083 
-35 1548773741 445250 0.906073 
-45 1548773741 465292 0.906078 
-43 1548773741 485312 0.906079 
-37 1548773741 505387 0.906091 
-37 1548773741 525420 0.906090 
-37 1548773741 545437 0.906084 
-37 1548773741 565469 0.906086 
-35 1548773741 585498 0.906090 
-33 1548773741 605518 0.906104 
-37 1548773741 625612 0.906093 
-41 1548773741 645593 0.906097 
-37 1548773741 665663 0.906107 
-39 1548773741 685683 0.906100 
-35 1548773741 705749 0.906107 
-39 1548773741 725796 0.906107 
-39 1548773741 745831 0.906106 
-37 1548773741 765857 0.906112 
-37 1548773741 785897 0.906105 
-39 1548773741 805937 0.906118 
-41 1548773741 826002 0.906107 
-33 1548773741 845993 0.906121 
-37 1548773741 866073 0.906118 
-37 1548773741 886115 0.906127 
-35 1548773741 906161 0.906110 
-37 1548773741 926186 0.906130 
-37 1548773741 946250 0.906124 
-37 1548773741 966248 0.906135 
-35 1548773741 986281 0.906125 
-39 1548773742 6309 0.906151 
-35 1548773742 26373 0.906129 
-37 1548773742 46422 0.906135 
-37 1548773742 66487 0.906135 
-37 1548773742 86484 0.906158 
-35 1548773742 106562 0.906149 
-39 1548773742 126559 0.906144 
-37 1548773742 146610 0.906149 
-37 1548773742 166651 0.906151 
-39 1548773742 186671 0.906143 
-35 1548773742 206736 0.906154 
-39 1548773742 226770 0.906154 
-37 1548773742 246796 0.906158 
-43 1548773742 266859 0.906162 
-43 1548773742 286924 0.906157 
-43 1548773742 306921 0.906162 
-41 1548773742 326964 0.906165 
-43 1548773742 346987 0.906174 
-43 1548773742 367069 0.906165 
-39 1548773742 387096 0.906183 
-35 1548773742 407127 0.906173 
-39 1548773742 427164 0.906172 
-41 1548773742 447253 0.906176 
-45 1548773742 467252 0.906178 
-39 1548773742 487295 0.906178 
-41 1548773742 507356 0.906183 
-45 1548773742 527400 0.906190 
-41 1548773742 547412 0.906184 
-41 1548773742 567480 0.906184 
-41 1548773742 587492 0.906190 
-39 1548773742 607499 0.906196 
-39 1548773742 627547 0.906195 
-43 1548773742 647626 0.906185 
-41 1548773742 667659 0.906205 
-41 1548773742 687689 0.906202 
-41 1548773742 707701 0.906204 
-41 1548773742 727779 0.906194 
-43 1548773742 747822 0.906212 
-41 1548773742 767849 0.906205 
-41 1548773742 787858 0.906215 
-41 1548773742 807882 0.906215 
-41 1548773742 827983 0.906222 
-39 1548773742 847958 0.906223 
-41 1548773742 868033 0.906223 
-43 1548773742 888053 0.906218 
-45 1548773742 908092 0.906229 
-45 1548773742 928151 0.906210 
-41 1548773742 948223 0.906229 
-39 1548773742 968252 0.906229 
-43 1548773742 988250 0.906232 
-43 1548773743 8340 0.906233 
-43 1548773743 28354 0.906238 
-45 1548773743 48403 0.906237 
-45 1548773743 68415 0.906239 
-39 1548773743 88488 0.906234 
-41 1548773743 108501 0.906244 
-41 1548773743 128558 0.906241 
-41 1548773743 148564 0.906251 
-41 1548773743 168627 0.906245 
-41 1548773743 188641 0.906249 
-37 1548773743 208706 0.906249 
-41 1548773743 228720 0.906256 
-39 1548773743 248799 0.906260 
-41 1548773743 268814 0.906265 
-41 1548773743 288828 0.906262 
-39 1548773743 308921 0.906265 
-37 1548773743 328907 0.906261 
-39 1548773743 349011 0.906268 
-41 1548773743 369019 0.906265 
-39 1548773743 389047 0.906270 
-39 1548773743 409113 0.906272 
-43 1548773743 429134 0.906278 
-41 1548773743 449157 0.906272 
-39 1548773743 469181 0.906283 
-41 1548773743 489251 0.906278 
-41 1548773743 509294 0.906294 
-39 1548773743 529374 0.906289 
-39 1548773743 549332 0.906287 
-41 1548773743 569379 0.906299 
-39 1548773743 589409 0.906300 
-41 1548773743 609474 0.906300 
-39 1548773743 629528 0.906293 
-35 1548773743 649559 0.906298 
-41 1548773743 669626 0.906302 
-35 1548773743 689613 0.906292 
-39 1548773743 709695 0.906306 
-35 1548773743 729720 0.906310 
-39 1548773743 749737 0.906301 
-39 1548773743 769780 0.906307 
-37 1548773743 789849 0.906312 
-37 1548773743 809895 0.906320 
-35 1548773743 829921 0.906316 
-37 1548773743 849977 0.906317 
-37 1548773743 869982 0.906315 
-37 1548773743 890028 0.906321 
-35 1548773743 910079 0.906321 
-37 1548773743 930113 0.906320 
-39 1548773743 950139 0.906321 
-43 1548773743 970237 0.906327 
-39 1548773743 990224 0.906328 
-43 1548773744 10252 0.906340 
-35 1548773744 30287 0.906334 
-37 1548773744 50364 0.906334 
-33 1548773744 70404 0.906344 
-37 1548773744 90426 0.906350 
-37 1548773744 110455 0.906349 
-37 1548773744 130527 0.906346 
-39 1548773744 150547 0.906343 
-39 1548773744 170542 0.906350 
-35 1548773744 190617 0.906349 
-35 1548773744 210672 0.906354 
-39 1548773744 230672 0.906361 
-35 1548773744 250712 0.906356 
-39 1548773744 270790 0.906362 
-39 1548773744 290790 0.906362 
-39 1548773744 310871 0.906368 
-39 1548773744 330922 0.906365 
-37 1548773744 350957 0.906375 
-39 1548773744 370948 0.906378 
-39 1548773744 391023 0.906377 
-37 1548773744 411060 0.906377 
-37 1548773744 431068 0.906376 
-39 1548773744 451109 0.906379 
-37 1548773744 471162 0.906376 
-35 1548773744 491192 0.906377 
-35 1548773744 511256 0.906379 
-39 1548773744 531256 0.906384 
-33 1548773744 551345 0.906392 
-37 1548773744 571397 0.906389 
-33 1548773744 591382 0.906389 
-35 1548773744 611428 0.906399 
-35 1548773744 631480 0.906392 
-33 1548773744 651538 0.906406 
-37 1548773744 671582 0.906403 
-39 1548773744 691578 0.906405 
-37 1548773744 711622 0.906405 
-37 1548773744 731651 0.906412 
-41 1548773744 751691 0.906410 
-39 1548773744 771782 0.906412 
-35 1548773744 791817 0.906407 
-33 1548773744 811815 0.906418 
-39 1548773744 831860 0.906420 
-35 1548773744 851894 0.906428 
-37 1548773744 871925 0.906417 
-37 1548773744 891971 0.906422 
-39 1548773744 912007 0.906420 
-39 1548773744 932091 0.906432 
-31 1548773744 952096 0.906420 
-35 1548773744 972176 0.906442 
-37 1548773744 992239 0.906439 
-41 1548773745 12257 0.906438 
-41 1548773745 32287 0.906431 
-35 1548773745 52307 0.906443 
-39 1548773745 72376 0.906429 
-35 1548773745 92406 0.906442 
-37 1548773745 112442 0.906447 
-37 1548773745 132431 0.906450 
-39 1548773745 152459 0.906443 
-39 1548773745 172508 0.906449 
-39 1548773745 192571 0.906467 
-37 1548773745 212635 0.906454 
-37 1548773745 232633 0.906451 
-39 1548773745 252684 0.906462 
-43 1548773745 272731 0.906454 
-39 1548773745 292755 0.906470 
-39 1548773745 312792 0.906455 
-37 1548773745 332844 0.906465 
-39 1548773745 352880 0.906465 
-39 1548773745 372972 0.906476 
-41 1548773745 393010 0.906476 
-41 1548773745 412996 0.906475 
-39 1548773745 433095 0.906472 
-43 1548773745 453077 0.906471 
-43 1548773745 473153 0.906473 
-41 1548773745 493171 0.906488 
-41 1548773745 513258 0.906490 
-41 1548773745 533301 0.906493 
-35 1548773745 553317 0.906483 
-45 1548773745 573366 0.906499 
-41 1548773745 593362 0.906492 
-43 1548773745 613441 0.906488 
-39 1548773745 633475 0.906497 
-41 1548773745 653527 0.906495 
-43 1548773745 673569 0.906503 
-43 1548773745 693569 0.906497 
-45 1548773745 713623 0.906508 
-43 1548773745 733687 0.906509 
-43 1548773745 753697 0.906509 
-41 1548773745 773780 0.906504 
-41 1548773745 793808 0.906511 
-41 1548773745 813854 0.906512 
-45 1548773745 833885 0.906519 
-43 1548773745 853907 0.906522 
-37 1548773745 873971 0.906530 
-39 1548773745 893971 0.906528 
-41 1548773745 914008 0.906528 
-41 1548773745 934088 0.906532 
-39 1548773745 954113 0.906527 
-39 1548773745 974117 0.906530 
-41 1548773745 994163 0.906539 
-43 1548773746 14240 0.906534 
-35 1548773746 34269 0.906541 
-41 1548773746 54301 0.906542 
-41 1548773746 74351 0.906544 
-39 1548773746 94365 0.906548 
-41 1548773746 114445 0.906545 
-43 1548773746 134470 0.906544 
-41 1548773746 154481 0.906549 
-41 1548773746 174546 0.906544 
-41 1548773746 194572 0.906550 
-39 1548773746 214645 0.906560 
-37 1548773746 234674 0.906552 
-41 1548773746 254686 0.906555 
-41 1548773746 274749 0.906566 
-37 1548773746 294767 0.906569 
-41 1548773746 314806 0.906571 
-39 1548773746 334872 0.906569 
-41 1548773746 354925 0.906563 
-37 1548773746 374921 0.906565 
-37 1548773746 394966 0.906577 
-41 1548773746 414996 0.906576 
-39 1548773746 435056 0.906588 
-41 1548773746 455089 0.906576 
-39 1548773746 475141 0.906581 
-41 1548773746 495176 0.906582 
-37 1548773746 515242 0.906582 
-41 1548773746 535278 0.906583 
-39 1548773746 555275 0.906588 
-41 1548773746 575292 0.906594 
-43 1548773746 595364 0.906591 
-39 1548773746 615415 0.906593 
-39 1548773746 635472 0.906594 
-41 1548773746 655513 0.906595 
-35 1548773746 675529 0.906613 
-35 1548773746 695552 0.906609 
-39 1548773746 715619 0.906613 
-39 1548773746 735634 0.906608 
-43 1548773746 755671 0.906606 
-35 1548773746 775737 0.906615 
-37 1548773746 795776 0.906619 
-35 1548773746 815824 0.906611 
-37 1548773746 835868 0.906616 
-37 1548773746 855891 0.906624 
-37 1548773746 875930 0.906616 
-35 1548773746 895944 0.906613 
-35 1548773746 916009 0.906620 
-41 1548773746 936039 0.906624 
-41 1548773746 956120 0.906627 
-35 1548773746 976119 0.906632 
-37 1548773746 996192 0.906622 
-33 1548773747 16198 0.906626 
-35 1548773747 36306 0.906638 
-35 1548773747 56304 0.906639 
-43 1548773747 76311 0.906638 
-33 1548773747 96401 0.906646 
-39 1548773747 116422 0.906648 
-33 1548773747 136426 0.906638 
-39 1548773747 156480 0.906653 
-37 1548773747 176511 0.906646 
-35 1548773747 196564 0.906647 
-39 1548773747 216629 0.906650 
-37 1548773747 236662 0.906659 
-39 1548773747 256698 0.906658 
-39 1548773747 276745 0.906669 
-39 1548773747 296761 0.906664 
-37 1548773747 316781 0.906659 
-39 1548773747 336843 0.906660 
-37 1548773747 356883 0.906671 
-35 1548773747 376947 0.906674 
-41 1548773747 396990 0.906672 
-41 1548773747 416985 0.906655 
-41 1548773747 437022 0.906676 
-41 1548773747 457091 0.906689 
-35 1548773747 477120 0.906685 
-37 1548773747 497135 0.906677 
-41 1548773747 517189 0.906686 
-39 1548773747 537243 0.906687 
-37 1548773747 557262 0.906694 
-39 1548773747 577305 0.906692 
-35 1548773747 597379 0.906697 
-39 1548773747 617388 0.906697 
-39 1548773747 637444 0.906694 
-37 1548773747 657495 0.906704 
-39 1548773747 677511 0.906703 
-39 1548773747 697573 0.906700 
-37 1548773747 717621 0.906707 
-39 1548773747 737618 0.906707 
-37 1548773747 757656 0.906709 
-41 1548773747 777728 0.906713 
-39 1548773747 797787 0.906705 
-43 1548773747 817778 0.906714 
-41 1548773747 837835 0.906710 
-39 1548773747 857866 0.906726 
-41 1548773747 877892 0.906731 
-35 1548773747 897945 0.906710 
-35 1548773747 918023 0.906724 
-35 1548773747 938032 0.906730 
-41 1548773747 958075 0.906729 
-41 1548773747 978101 0.906738 
-39 1548773747 998182 0.906730 
-39 1548773748 18200 0.906740 
-43 1548773748 38264 0.906741 
-39 1548773748 58265 0.906732 
-37 1548773748 78321 0.906736 
-39 1548773748 98374 0.906747 
-37 1548773748 118387 0.906749 
-39 1548773748 138457 0.906738 
-41 1548773748 158513 0.906746 
-41 1548773748 178510 0.906752 
-43 1548773748 198572 0.906763 
-37 1548773748 218621 0.906753 
-37 1548773748 238610 0.906750 
-37 1548773748 258701 0.906766 
-41 1548773748 278731 0.906754 
-41 1548773748 298789 0.906761 
-41 1548773748 318797 0.906766 
-41 1548773748 338823 0.906761 
-43 1548773748 358873 0.906766 
-41 1548773748 378912 0.906772 
-41 1548773748 398941 0.906768 
-41 1548773748 418982 0.906787 
-41 1548773748 439019 0.906774 
-39 1548773748 459056 0.906774 
-41 1548773748 479137 0.906777 
-37 1548773748 499162 0.906782 
-43 1548773748 519247 0.906787 
-41 1548773748 539249 0.906783 
-43 1548773748 559249 0.906781 
-39 1548773748 579316 0.906791 
-39 1548773748 599317 0.906801 
-39 1548773748 619389 0.906790 
-41 1548773748 639448 0.906794 
-43 1548773748 659488 0.906797 
-43 1548773748 679540 0.906796 
-43 1548773748 699576 0.906809 
-43 1548773748 719606 0.906805 
-41 1548773748 739664 0.906812 
-41 1548773748 759673 0.906805 
-39 1548773748 779700 0.906815 
-39 1548773748 799736 0.906809 
-39 1548773748 819788 0.906825 
-43 1548773748 839835 0.906823 
-39 1548773748 859906 0.906823 
-41 1548773748 879932 0.906819 
-39 1548773748 899951 0.906831 
-39 1548773748 920013 0.906820 
-35 1548773748 940061 0.906831 
-41 1548773748 960087 0.906829 
-39 1548773748 980124 0.906838 
-41 1548773749 152 0.906832 
-41 1548773749 20247 0.906842 
-41 1548773749 40265 0.906841 
-41 1548773749 60295 0.906836 
-39 1548773749 80308 0.906843 
-39 1548773749 100384 0.906853 
-41 1548773749 120415 0.906847 
-37 1548773749 140431 0.906842 
-41 1548773749 160482 0.906849 
-41 1548773749 180502 0.906852 
-37 1548773749 200560 0.906859 
-35 1548773749 220637 0.906862 
-39 1548773749 240621 0.906854 
-39 1548773749 260655 0.906860 
-41 1548773749 280716 0.906859 
-39 1548773749 300750 0.906868 
-39 1548773749 320825 0.906864 
-39 1548773749 340847 0.906870 
-41 1548773749 360887 0.906863 
-41 1548773749 380945 0.906881 
-41 1548773749 400978 0.906874 
-41 1548773749 420981 0.906873 
-37 1548773749 441062 0.906874 
-39 1548773749 461062 0.906885 
-37 1548773749 481113 0.906882 
-39 1548773749 501157 0.906886 
-39 1548773749 521236 0.906885 
-37 1548773749 541264 0.906890 
-33 1548773749 561329 0.906888 
-37 1548773749 581328 0.906888 
-41 1548773749 601374 0.906887 
-35 1548773749 621421 0.906901 
-35 1548773749 641451 0.906898 
-37 1548773749 661492 0.906897 
-31 1548773749 681570 0.906903 
-37 1548773749 701588 0.906909 
-37 1548773749 721639 0.906899 
-37 1548773749 741670 0.906915 
-33 1548773749 761740 0.906910 
-31 1548773749 781766 0.906904 
-37 1548773749 801816 0.906907 
-37 1548773749 821837 0.906923 
-33 1548773749 841854 0.906921 
-39 1548773749 861950 0.906912 
-35 1548773749 881944 0.906912 
-39 1548773749 902001 0.906920 
-37 1548773749 922052 0.906926 
-35 1548773749 942072 0.906931 
-37 1548773749 962098 0.906932 
-37 1548773749 982122 0.906940 
-37 1548773750 2179 0.906921 
-35 1548773750 22267 0.906938 
-37 1548773750 42268 0.906937 
-37 1548773750 62318 0.906942 
-39 1548773750 82345 0.906942 
-35 1548773750 102391 0.906935 
-33 1548773750 122410 0.906938 
-37 1548773750 142471 0.906953 
-33 1548773750 162537 0.906949 
-39 1548773750 182569 0.906948 
-33 1548773750 202600 0.906954 
-37 1548773750 222626 0.906951 
-35 1548773750 242664 0.906953 
-37 1548773750 262733 0.906957 
-37 1548773750 282776 0.906962 
-39 1548773750 302802 0.906967 
-41 1548773750 322845 0.906963 
-37 1548773750 342862 0.906968 
-39 1548773750 362934 0.906973 
-37 1548773750 382936 0.906967 
-37 1548773750 403000 0.906970 
-37 1548773750 423048 0.906976 
-39 1548773750 443062 0.906976 
-35 1548773750 463101 0.906989 
-37 1548773750 483127 0.906979 
-39 1548773750 503168 0.906990 
-39 1548773750 523201 0.906980 
-37 1548773750 543265 0.906987 
-41 1548773750 563307 0.906995 
-35 1548773750 583329 0.906991 
-35 1548773750 603422 0.906985 
-39 1548773750 623424 0.906996 
-39 1548773750 643502 0.907001 
-41 1548773750 663542 0.906998 
-43 1548773750 683523 0.907003 
-37 1548773750 703626 0.907000 
-41 1548773750 723607 0.907004 
-43 1548773750 743666 0.907007 
-37 1548773750 763731 0.907015 
-39 1548773750 783727 0.907002 
-41 1548773750 803817 0.907014 
-41 1548773750 823854 0.907009 
-41 1548773750 843893 0.907024 
-41 1548773750 863938 0.907021 
-41 1548773750 883977 0.907023 
-39 1548773750 903999 0.907015 
-41 1548773750 924067 0.907034 
-37 1548773750 944072 0.907031 
-43 1548773750 964109 0.907035 
-35 1548773750 984160 0.907025 
-41 1548773751 4248 0.907029 
-39 1548773751 24251 0.907041 
-37 1548773751 44269 0.907034 
-39 1548773751 64311 0.907037 
-37 1548773751 84371 0.907042 
-41 1548773751 104374 0.907041 
-41 1548773751 124425 0.907050 
-35 1548773751 144455 0.907046 
-37 1548773751 164506 0.907047 
-43 1548773751 184561 0.907047 
-43 1548773751 204628 0.907051 
-39 1548773751 224667 0.907054 
-41 1548773751 244708 0.907059 
-39 1548773751 264744 0.907051 
-43 1548773751 284726 0.907053 
-39 1548773751 304824 0.907063 
-41 1548773751 324878 0.907074 
-45 1548773751 344879 0.907065 
-41 1548773751 364917 0.907080 
-41 1548773751 384929 0.907065 
-41 1548773751 404989 0.907075 
-41 1548773751 425033 0.907075 
-39 1548773751 445092 0.907074 
-43 1548773751 465128 0.907075 
-39 1548773751 485162 0.907079 
-39 1548773751 505191 0.907080 
-39 1548773751 525254 0.907084 
-41 1548773751 545255 0.907094 
-39 1548773751 565302 0.907094 
-41 1548773751 585349 0.907090 
-39 1548773751 605398 0.907094 
-37 1548773751 625441 0.907102 
-45 1548773751 645511 0.907101 
-41 1548773751 665558 0.907096 
-41 1548773751 685579 0.907092 
-37 1548773751 705644 0.907106 
-43 1548773751 725649 0.907108 
-43 1548773751 745705 0.907102 
-43 1548773751 765733 0.907106 
-41 1548773751 785798 0.907118 
-41 1548773751 805831 0.907117 
-43 1548773751 825881 0.907112 
-39 1548773751 845881 0.907119 
-39 1548773751 865978 0.907124 
-43 1548773751 886001 0.907122 
-43 1548773751 906005 0.907126 
-43 1548773751 926053 0.907128 
-41 1548773751 946145 0.907123 
-41 1548773751 966150 0.907136 
-41 1548773751 986169 0.907124 
-39 1548773752 6270 0.907137 
-37 1548773752 26268 0.907136 
-39 1548773752 46302 0.907134 
-41 1548773752 66336 0.907151 
-39 1548773752 86399 0.907142 
-41 1548773752 106440 0.907146 
-37 1548773752 126512 0.907146 
-39 1548773752 146544 0.907142 
-39 1548773752 166564 0.907140 
-45 1548773752 186586 0.907146 
-37 1548773752 206636 0.907157 
-39 1548773752 226658 0.907147 
-39 1548773752 246720 0.907158 
-39 1548773752 266793 0.907157 
-37 1548773752 286820 0.907166 
-39 1548773752 306832 0.907168 
-37 1548773752 326896 0.907169 
-39 1548773752 346938 0.907167 
-37 1548773752 366977 0.907164 
-37 1548773752 387036 0.907169 
-43 1548773752 407045 0.907161 
-35 1548773752 427096 0.907175 
-39 1548773752 447131 0.907179 
-35 1548773752 467148 0.907178 
-37 1548773752 487253 0.907179 
-37 1548773752 507270 0.907185 
-37 1548773752 527272 0.907181 
-35 1548773752 547336 0.907188 
-35 1548773752 567380 0.907188 
-37 1548773752 587423 0.907192 
-33 1548773752 607457 0.907202 
-39 1548773752 627462 0.907198 
-39 1548773752 647512 0.907195 
-37 1548773752 667581 0.907209 
-37 1548773752 687582 0.907198 
-37 1548773752 707644 0.907202 
-33 1548773752 727660 0.907200 
-39 1548773752 747755 0.907216 
-37 1548773752 767762 0.907209 
-39 1548773752 787802 0.907213 
-39 1548773752 807860 0.907212 
-33 1548773752 827881 0.907211 
-41 1548773752 847939 0.907213 
-35 1548773752 867969 0.907227 
-37 1548773752 887997 0.907218 
-37 1548773752 908053 0.907230 
-39 1548773752 928087 0.907220 
-41 1548773752 948115 0.907230 
-37 1548773752 968137 0.907235 
-33 1548773752 988242 0.907227 
-35 1548773753 8242 0.907233 
-33 1548773753 28274 0.907238 
-37 1548773753 48316 0.907238 
-37 1548773753 68374 0.907249 
-37 1548773753 88417 0.907235 
-35 1548773753 108445 0.907250 
-35 1548773753 128506 0.907247 
-37 1548773753 148506 0.907249 
-35 1548773753 168539 0.907245 
-33 1548773753 188631 0.907252 
-37 1548773753 208623 0.907256 
-39 1548773753 228693 0.907257 
-39 1548773753 248694 0.907258 
-35 1548773753 268778 0.907258 
-37 1548773753 288763 0.907261 
-35 1548773753 308832 0.907264 
-37 1548773753 328869 0.907266 
-35 1548773753 348946 0.907272 
-39 1548773753 368974 0.907257 
-35 1548773753 388987 0.907269 
-37 1548773753 409082 0.907271 
-37 1548773753 429075 0.907288 
-35 1548773753 449133 0.907273 
-37 1548773753 469159 0.907280 
-37 1548773753 489212 0.907285 
-39 1548773753 509243 0.907281 
-37 1548773753 529317 0.907290 
-35 1548773753 549307 0.907286 
-37 1548773753 569363 0.907296 
-41 1548773753 589399 0.907297 
-41 1548773753 609441 0.907296 
-33 1548773753 629478 0.907295 
-41 1548773753 649513 0.907291 
-35 1548773753 669576 0.907296 
-39 1548773753 689610 0.907303 
-35 1548773753 709620 0.907308 
-41 1548773753 729699 0.907301 
-37 1548773753 749710 0.907306 
-35 1548773753 769756 0.907297 
-41 1548773753 789835 0.907314 
-39 1548773753 809867 0.907314 
-33 1548773753 829894 0.907318 
-37 1548773753 849932 0.907313 
-39 1548773753 869944 0.907321 
-35 1548773753 889988 0.907322 
-35 1548773753 910036 0.907327 
-41 1548773753 930095 0.907332 
-41 1548773753 950123 0.907321 
-37 1548773753 970194 0.907325 
-35 1548773753 990244 0.907330 
-37 1548773754 10275 0.907339 
-41 1548773754 30318 0.907340 
-43 1548773754 50337 0.907339 
-37 1548773754 70399 0.907344 
-37 1548773754 90438 0.907345 
-39 1548773754 110425 0.907345 
-39 1548773754 130509 0.907352 
-41 1548773754 150567 0.907335 
-37 1548773754 170564 0.907361 
-37 1548773754 190636 0.907350 
-41 1548773754 210661 0.907356 
-43 1548773754 230700 0.907346 
-39 1548773754 250763 0.907365 
-39 1548773754 270758 0.907360 
-43 1548773754 290808 0.907369 
-41 1548773754 310878 0.907367 
-41 1548773754 330900 0.907365 
-43 1548773754 350945 0.907368 
-39 1548773754 370975 0.907372 
-37 1548773754 391021 0.907369 
-41 1548773754 411101 0.907374 
-41 1548773754 431125 0.907379 
-35 1548773754 451161 0.907382 
-39 1548773754 471174 0.907379 
-43 1548773754 491276 0.907384 
-37 1548773754 511319 0.907383 
-39 1548773754 531319 0.907383 
-39 1548773754 551339 0.907389 
-41 1548773754 571382 0.907389 
-41 1548773754 591438 0.907390 
-45 1548773754 611506 0.907401 
-43 1548773754 631509 0.907399 
-39 1548773754 651571 0.907397 
-41 1548773754 671610 0.907397 
-43 1548773754 691615 0.907395 
-43 1548773754 711685 0.907400 
-41 1548773754 731687 0.907413 
-41 1548773754 751733 0.907410 
-41 1548773754 771786 0.907408 
-39 1548773754 791828 0.907396 
-41 1548773754 811864 0.907419 
-41 1548773754 831920 0.907421 
-41 1548773754 851942 0.907423 
-39 1548773754 871991 0.907418 
-43 1548773754 892043 0.907426 
-39 1548773754 912106 0.907421 
-39 1548773754 932106 0.907421 
-41 1548773754 952151 0.907424 
-33 1548773754 972179 0.907429 
-39 1548773754 992277 0.907435 
-39 1548773755 12274 0.907432 
-43 1548773755 32338 0.907437 
-37 1548773755 52339 0.907435 
-43 1548773755 72426 0.907433 
-39 1548773755 92434 0.907451 
-41 1548773755 112456 0.907439 
-41 1548773755 132505 0.907452 
-39 1548773755 152571 0.907441 
-41 1548773755 172609 0.907458 
-39 1548773755 192640 0.907451 
-37 1548773755 212667 0.907466 
-37 1548773755 232714 0.907454 
-41 1548773755 252730 0.907451 
-39 1548773755 272784 0.907454 
-39 1548773755 292830 0.907471 
-39 1548773755 312830 0.907463 
-35 1548773755 332876 0.907465 
-39 1548773755 352910 0.907468 
-37 1548773755 372974 0.907479 
-39 1548773755 392996 0.907466 
-35 1548773755 413048 0.907482 
-33 1548773755 433089 0.907471 
-39 1548773755 453167 0.907474 
-31 1548773755 473192 0.907480 
-43 1548773755 493248 0.907478 
-37 1548773755 513278 0.907485 
-37 1548773755 533275 0.907480 
-37 1548773755 553353 0.907490 
-33 1548773755 573379 0.907490 
-39 1548773755 593432 0.907493 
-37 1548773755 613443 0.907496 
-35 1548773755 633514 0.907489 
-37 1548773755 653554 0.907495 
-35 1548773755 673573 0.907499 
-33 1548773755 693588 0.907505 
-35 1548773755 713676 0.907493 
-35 1548773755 733674 0.907511 
-37 1548773755 753750 0.907502 
-35 1548773755 773744 0.907513 
-39 1548773755 793819 0.907511 
-35 1548773755 813819 0.907522 
-33 1548773755 833871 0.907510 
-35 1548773755 853917 0.907523 
-37 1548773755 873952 0.907515 
-39 1548773755 894014 0.907522 
-37 1548773755 914012 0.907523 
-35 1548773755 934053 0.907523 
-35 1548773755 954112 0.907524 
-41 1548773755 974127 0.907533 
-35 1548773755 994184 0.907532 
-37 1548773756 14257 0.907528 
-37 1548773756 34321 0.907542 
-33 1548773756 54321 0.907538 
-33 1548773756 74349 0.907542 
-37 1548773756 94388 0.907545 
-41 1548773756 114415 0.907548 
-37 1548773756 134479 0.907546 
-41 1548773756 154496 0.907546 
-39 1548773756 174558 0.907552 
-37 1548773756 194580 0.907554 
-37 1548773756 214618 0.907548 
-37 1548773756 234629 0.907551 
-39 1548773756 254706 0.907561 
-35 1548773756 274799 0.907560 
-37 1548773756 294787 0.907560 
-41 1548773756 314846 0.907563 
-39 1548773756 334864 0.907557 
-39 1548773756 354909 0.907568 
-41 1548773756 374950 0.907565 
-39 1548773756 394956 0.907578 
-41 1548773756 415016 0.907574 
-41 1548773756 435072 0.907578 
-43 1548773756 455068 0.907574 
-43 1548773756 475100 0.907583 
-37 1548773756 495180 0.907581 
-39 1548773756 515206 0.907582 
-39 1548773756 535285 0.907585 
-43 1548773756 555296 0.907587 
-39 1548773756 575314 0.907582 
-39 1548773756 595364 0.907595 
-41 1548773756 615411 0.907594 
-39 1548773756 635406 0.907589 
-43 1548773756 655511 0.907599 
-41 1548773756 675486 0.907603 
-43 1548773756 695574 0.907598 
-41 1548773756 715563 0.907611 
-41 1548773756 735652 0.907600 
-45 1548773756 755692 0.907609 
-43 1548773756 775726 0.907610 
-39 1548773756 795744 0.907621 
-43 1548773756 815789 0.907606 
-43 1548773756 835824 0.907614 
-41 1548773756 855893 0.907620 
-41 1548773756 875911 0.907620 
-41 1548773756 895899 0.907627 
-39 1548773756 915983 0.907623 
-37 1548773756 936005 0.907615 
-41 1548773756 956049 0.907625 
-43 1548773756 976094 0.907627 
-41 1548773756 996139 0.907633 
-45 1548773757 16196 0.907632 
-45 1548773757 36216 0.907634 
-41 1548773757 56263 0.907643 
-39 1548773757 76296 0.907649 
-41 1548773757 96343 0.907651 
-43 1548773757 116389 0.907649 
-41 1548773757 136425 0.907653 
-39 1548773757 156461 0.907651 
-45 1548773757 176467 0.907657 
-41 1548773757 196522 0.907660 
-43 1548773757 216558 0.907659 
-41 1548773757 236583 0.907651 
-43 1548773757 256635 0.907666 
-43 1548773757 276671 0.907666 
-41 1548773757 296680 0.907665 
-41 1548773757 316772 0.907671 
-41 1548773757 336766 0.907661 
-41 1548773757 356826 0.907665 
-43 1548773757 376842 0.907677 
-41 1548773757 396922 0.907671 
-39 1548773757 416931 0.907678 
-41 1548773757 436976 0.907683 
-43 1548773757 456995 0.907667 
-41 1548773757 477053 0.907686 
-45 1548773757 497112 0.907686 
-41 1548773757 517113 0.907686 
-41 1548773757 537150 0.907678 
-41 1548773757 557190 0.907687 
-41 1548773757 577264 0.907690 
-41 1548773757 597282 0.907692 
-41 1548773757 617322 0.907697 
-43 1548773757 637371 0.907700 
-43 1548773757 657407 0.907695 
-41 1548773757 677481 0.907704 
-41 1548773757 697515 0.907704 
-41 1548773757 717536 0.907700 
-39 1548773757 737546 0.907706 
-41 1548773757 757594 0.907712 
-39 1548773757 777612 0.907710 
-41 1548773757 797656 0.907723 
-39 1548773757 817702 0.907714 
-41 1548773757 837780 0.907720 
-37 1548773757 857766 0.907723 
-43 1548773757 877819 0.907715 
-43 1548773757 897878 0.907737 
-39 1548773757 917880 0.907729 
-37 1548773757 937960 0.907725 
-39 1548773757 958004 0.907720 
-39 1548773757 978017 0.907740 
-43 1548773757 998073 0.907732 
-37 1548773758 18122 0.907742 
-39 1548773758 38162 0.907740 
-43 1548773758 58200 0.907740 
-39 1548773758 78202 0.907737 
-35 1548773758 98265 0.907736 
-39 1548773758 118326 0.907742 
-37 1548773758 138361 0.907748 
-35 1548773758 158387 0.907749 
-35 1548773758 178391 0.907751 
-35 1548773758 198463 0.907756 
-39 1548773758 218499 0.907749 
-37 1548773758 238490 0.907760 
-39 1548773758 258533 0.907762 
-35 1548773758 278594 0.907760 
-39 1548773758 298655 0.907773 
-39 1548773758 318690 0.907767 
-35 1548773758 338742 0.907762 
-39 1548773758 358769 0.907766 
-41 1548773758 378768 0.907772 
-37 1548773758 398817 0.907762 
-37 1548773758 418880 0.907769 
-35 1548773758 438938 0.907780 
-35 1548773758 458960 0.907776 
-33 1548773758 479017 0.907776 
-37 1548773758 499051 0.907793 
-37 1548773758 519054 0.907782 
-35 1548773758 539078 0.907788 
-35 1548773758 559114 0.907787 
-33 1548773758 579198 0.907800 
-35 1548773758 599210 0.907784 
-35 1548773758 619284 0.907792 
-35 1548773758 639284 0.907793 
-39 1548773758 659319 0.907795 
-35 1548773758 679347 0.907806 
-39 1548773758 699395 0.907808 
-35 1548773758 719465 0.907803 
-31 1548773758 739493 0.907806 
-37 1548773758 759533 0.907804 
-33 1548773758 779560 0.907813 
-37 1548773758 799618 0.907808 
-37 1548773758 819631 0.907815 
-37 1548773758 839659 0.907813 
-35 1548773758 859720 0.907819 
-35 1548773758 879771 0.907827 
-37 1548773758 899821 0.907820 
-37 1548773758 919857 0.907815 
-39 1548773758 939908 0.907827 
-41 1548773758 959902 0.907830 
-37 1548773758 979983 0.907838 
-39 1548773758 999970 0.907834 
-39 1548773759 20034 0.907838 
-41 1548773759 40072 0.907834 
-37 1548773759 60144 0.907825 
-37 1548773759 80139 0.907837 
-37 1548773759 100195 0.907856 
-41 1548773759 120282 0.907841 
-41 1548773759 140285 0.907852 
-39 1548773759 160325 0.907849 
-37 1548773759 180375 0.907855 
-39 1548773759 200429 0.907855 
-39 1548773759 220461 0.907866 
-41 1548773759 240452 0.907856 
-39 1548773759 260481 0.907849 
-41 1548773759 280574 0.907850 
-39 1548773759 300549 0.907861 
-39 1548773759 320676 0.907856 
-37 1548773759 340659 0.907875 
-39 1548773759 360703 0.907859 
-41 1548773759 380755 0.907865 
-39 1548773759 400785 0.907878 
-41 1548773759 420847 0.907877 
-41 1548773759 440866 0.907876 
-37 1548773759 460910 0.907880 
-39 1548773759 480934 0.907875 
-43 1548773759 500990 0.907886 
-37 1548773759 521029 0.907887 
-43 1548773759 541027 0.907886 
-41 1548773759 561075 0.907889 
-41 1548773759 581122 0.907888 
-41 1548773759 601169 0.907891 
-37 1548773759 621177 0.907894 
-41 1548773759 641285 0.907892 
-45 1548773759 661329 0.907898 
-43 1548773759 681327 0.907898 
-43 1548773759 701349 0.907899 
-41 1548773759 721421 0.907908 
-41 1548773759 741456 0.907916 
-45 1548773759 761473 0.907909 
-39 1548773759 781520 0.907914 
-45 1548773759 801535 0.907913 
-37 1548773759 821587 0.907910 
-43 1548773759 841616 0.907915 
-41 1548773759 861714 0.907928 
-39 1548773759 881723 0.907921 
-43 1548773759 901745 0.907933 
-39 1548773759 921770 0.907924 
-43 1548773759 941816 0.907930 
-43 1548773759 961862 0.907927 
-43 1548773759 981916 0.907941 
-37 1548773760 1967 0.907928 
-41 1548773760 22020 0.907936 
-37 1548773760 42006 0.907939 
-41 1548773760 62099 0.907937 
-43 1548773760 82115 0.907946 
-39 1548773760 102198 0.907943 
-41 1548773760 122201 0.907948 
-41 1548773760 142183 0.907942 
-37 1548773760 162286 0.907952 
-43 1548773760 182272 0.907947 
-43 1548773760 202319 0.907955 
-39 1548773760 222424 0.907961 
-45 1548773760 242464 0.907963 
-43 1548773760 262428 0.907955 
-39 1548773760 282525 0.907963 
-43 1548773760 302520 0.907963 
-43 1548773760 322578 0.907965 
-45 1548773760 342615 0.907968 
-45 1548773760 362628 0.907964 
-35 1548773760 382705 0.907977 
-45 1548773760 402704 0.907974 
-41 1548773760 422787 0.907981 
-41 1548773760 442803 0.907981 
-41 1548773760 462864 0.907981 
-41 1548773760 482911 0.907985 
-39 1548773760 502916 0.907997 
-41 1548773760 522959 0.907990 
-39 1548773760 543001 0.907985 
-41 1548773760 563069 0.907993 
-37 1548773760 583097 0.907986 
-45 1548773760 603102 0.907988 
-35 1548773760 623181 0.907991 
-37 1548773760 643211 0.907996 
-37 1548773760 663224 0.907994 
-37 1548773760 683328 0.908005 
-37 1548773760 703338 0.908003 
-37 1548773760 723399 0.908005 
-39 1548773760 743418 0.908007 
-37 1548773760 763473 0.908009 
-39 1548773760 783474 0.908010 
-39 1548773760 803510 0.908011 
-39 1548773760 823528 0.908013 
-39 1548773760 843611 0.908016 
-37 1548773760 863656 0.908018 
-39 1548773760 883655 0.908027 
-37 1548773760 903688 0.908029 
-37 1548773760 923751 0.908024 
-37 1548773760 943827 0.908029 
-37 1548773760 963834 0.908038 
-39 1548773760 983890 0.908030 
-35 1548773761 3884 0.908035 
-35 1548773761 23975 0.908040 
-35 1548773761 43994 0.908049 
-39 1548773761 64003 0.908032 
-35 1548773761 84095 0.908047 
-39 1548773761 104133 0.908040 
-35 1548773761 124129 0.908042 
-39 1548773761 144184 0.908044 
-39 1548773761 164271 0.908052 
-39 1548773761 184271 0.908043 
-37 1548773761 204287 0.908062 
-39 1548773761 224339 0.908053 
-37 1548773761 244399 0.908065 
-43 1548773761 264410 0.908051 
-37 1548773761 284454 0.908064 
-37 1548773761 304478 0.908060 
-35 1548773761 324549 0.908075 
-37 1548773761 344611 0.908068 
-37 1548773761 364654 0.908076 
-35 1548773761 384637 0.908068 
-39 1548773761 404708 0.908076 
-39 1548773761 424716 0.908070 
-35 1548773761 444788 0.908085 
-35 1548773761 464851 0.908080 
-37 1548773761 484891 0.908083 
-35 1548773761 504886 0.908083 
-35 1548773761 524920 0.908096 
-35 1548773761 544963 0.908087 
-37 1548773761 564980 0.908087 
-33 1548773761 585033 0.908094 
-33 1548773761 605096 0.908090 
-37 1548773761 625155 0.908088 
-39 1548773761 645210 0.908104 
-33 1548773761 665215 0.908103 
-33 1548773761 685260 0.908097 
-39 1548773761 705288 0.908101 
-37 1548773761 725382 0.908109 
-39 1548773761 745399 0.908103 
-39 1548773761 765427 0.908104 
-41 1548773761 785462 0.908115 
-37 1548773761 805530 0.908105 
-39 1548773761 825540 0.908116 
-39 1548773761 845584 0.908114 
-37 1548773761 865610 0.908118 
-37 1548773761 885648 0.908124 
-37 1548773761 905707 0.908126 
-39 1548773761 925747 0.908121 
-39 1548773761 945807 0.908127 
-41 1548773761 965852 0.908132 
-39 1548773761 985860 0.908135 
-39 1548773762 5924 0.908135 
-39 1548773762 25935 0.908135 
-43 1548773762 45979 0.908142 
-41 1548773762 66014 0.908142 
-39 1548773762 86053 0.908141 
-41 1548773762 106100 0.908145 
-39 1548773762 126167 0.908141 
-37 1548773762 146174 0.908154 
-39 1548773762 166191 0.908149 
-39 1548773762 186220 0.908158 
-37 1548773762 206308 0.908153 
-39 1548773762 226307 0.908156 
-43 1548773762 246379 0.908162 
-41 1548773762 266404 0.908156 
-39 1548773762 286503 0.908160 
-39 1548773762 306530 0.908165 
-39 1548773762 326548 0.908175 
-41 1548773762 346602 0.908173 
-35 1548773762 366611 0.908163 
-41 1548773762 386673 0.908177 
-41 1548773762 406665 0.908177 
-39 1548773762 426755 0.908180 
-45 1548773762 446795 0.908182 
-39 1548773762 466807 0.908185 
-39 1548773762 486867 0.908179 
-41 1548773762 506886 0.908190 
-43 1548773762 526911 0.908193 
-39 1548773762 546942 0.908188 
-41 1548773762 567006 0.908181 
-45 1548773762 587025 0.908195 
-39 1548773762 607092 0.908198 
-47 1548773762 627093 0.908196 
-41 1548773762 647166 0.908193 
-43 1548773762 667166 0.908201 
-41 1548773762 687210 0.908202 
-43 1548773762 707293 0.908212 
-41 1548773762 727294 0.908192 
-45 1548773762 747337 0.908219 
-43 1548773762 767402 0.908203 
-39 1548773762 787413 0.908217 
-41 1548773762 807477 0.908215 
-43 1548773762 827505 0.908215 
-39 1548773762 847541 0.908219 
-41 1548773762 867603 0.908219 
-43 1548773762 887603 0.908219 
-43 1548773762 907652 0.908234 
-43 1548773762 927697 0.908228 
-47 1548773762 947716 0.908230 
-45 1548773762 967777 0.908224 
-43 1548773762 987838 0.908229 
-41 1548773763 7836 0.908225 
-45 1548773763 27886 0.908239 
-41 1548773763 47901 0.908242 
-41 1548773763 67978 0.908245 
-45 1548773763 88080 0.908240 
-43 1548773763 108032 0.908245 
-41 1548773763 128073 0.908246 
-37 1548773763 148082 0.908246 
-43 1548773763 168153 0.908248 
-41 1548773763 188213 0.908259 
-43 1548773763 208205 0.908256 
-45 1548773763 228294 0.908252 
-39 1548773763 248294 0.908252 
-45 1548773763 268333 0.908270 
-43 1548773763 288402 0.908254 
-45 1548773763 308407 0.908268 
-43 1548773763 328479 0.908256 
-41 1548773763 348479 0.908274 
-39 1548773763 368533 0.908268 
-43 1548773763 388588 0.908270 
-41 1548773763 408600 0.908279 
-37 1548773763 428655 0.908274 
-39 1548773763 448667 0.908270 
-41 1548773763 468746 0.908278 
-39 1548773763 488751 0.908287 
-39 1548773763 508806 0.908284 
-39 1548773763 528855 0.908279 
-39 1548773763 548903 0.908295 
-43 1548773763 568945 0.908282 
-41 1548773763 588955 0.908291 
-39 1548773763 609017 0.908292 
-41 1548773763 629088 0.908297 
-45 1548773763 649094 0.908300 
-41 1548773763 669144 0.908293 
-37 1548773763 689159 0.908295 
-41 1548773763 709277 0.908301 
-41 1548773763 729221 0.908302 
-37 1548773763 749295 0.908314 
-41 1548773763 769337 0.908301 
-39 1548773763 789337 0.908313 
-35 1548773763 809449 0.908306 
-41 1548773763 829430 0.908314 
-43 1548773763 849456 0.908309 
-41 1548773763 869532 0.908326 
-39 1548773763 889561 0.908325 
-37 1548773763 909589 0.908319 
-43 1548773763 929616 0.908334 
-43 1548773763 949648 0.908326 
-39 1548773763 969730 0.908334 
-37 1548773763 989769 0.908326 
-37 1548773764 9845 0.908340 
-41 1548773764 29800 0.908329 
-41 1548773764 49849 0.908352 
-35 1548773764 69894 0.908335 
-37 1548773764 89921 0.908339 
-39 1548773764 109960 0.908337 
-37 1548773764 130032 0.908348 
-41 1548773764 150043 0.908350 
-35 1548773764 170077 0.908354 
-39 1548773764 190177 0.908347 
-39 1548773764 210168 0.908352 
-41 1548773764 230196 0.908354 
-37 1548773764 250295 0.908357 
-39 1548773764 270326 0.908363 
-41 1548773764 290370 0.908364 
-37 1548773764 310424 0.908362 
-39 1548773764 330420 0.908372 
-35 1548773764 350458 0.908372 
-37 1548773764 370466 0.908369 
-37 1548773764 390513 0.908376 
-37 1548773764 410551 0.908375 
-41 1548773764 430605 0.908374 
-39 1548773764 450667 0.908378 
-37 1548773764 470718 0.908390 
-37 1548773764 490755 0.908381 
-39 1548773764 510759 0.908383 
-37 1548773764 530801 0.908385 
-39 1548773764 550826 0.908386 
-37 1548773764 570872 0.908389 
-39 1548773764 590893 0.908385 
-35 1548773764 610936 0.908406 
-41 1548773764 631034 0.908389 
-37 1548773764 651089 0.908397 
-37 1548773764 671116 0.908398 
-37 1548773764 691118 0.908401 
-39 1548773764 711147 0.908396 
-41 1548773764 731196 0.908407 
-39 1548773764 751278 0.908409 
-41 1548773764 771336 0.908416 
-39 1548773764 791357 0.908405 
-37 1548773764 811364 0.908407 
-37 1548773764 831423 0.908422 
-39 1548773764 851423 0.908430 
-41 1548773764 871482 0.908418 
-39 1548773764 891529 0.908413 
-37 1548773764 911563 0.908419 
-37 1548773764 931608 0.908424 
-33 1548773764 951645 0.908433 
-39 1548773764 971676 0.908424 
-41 1548773764 991710 0.908424 
-41 1548773765 11795 0.908445 
-39 1548773765 31781 0.908440 
-43 1548773765 51819 0.908438 
-39 1548773765 71892 0.908441 
-39 1548773765 91954 0.908446 
-39 1548773765 111982 0.908438 
-41 1548773765 132002 0.908447 
-39 1548773765 152071 0.908448 
-37 1548773765 172070 0.908451 
-43 1548773765 192124 0.908440 
-43 1548773765 212171 0.908455 
-41 1548773765 232278 0.908455 
-41 1548773765 252278 0.908461 
-41 1548773765 272294 0.908458 
-41 1548773765 292344 0.908466 
-43 1548773765 312397 0.908462 
-43 1548773765 332421 0.908473 
-41 1548773765 352457 0.908470 
-43 1548773765 372500 0.908477 
-43 1548773765 392516 0.908474 
-37 1548773765 412555 0.908475 
-41 1548773765 432594 0.908477 
-43 1548773765 452641 0.908477 
-41 1548773765 472692 0.908480 
-41 1548773765 492724 0.908486 
-41 1548773765 512782 0.908483 
-39 1548773765 532805 0.908485 
-43 1548773765 552847 0.908486 
-43 1548773765 572927 0.908496 
-43 1548773765 592933 0.908485 
-45 1548773765 612965 0.908481 
-43 1548773765 633028 0.908496 
-43 1548773765 653068 0.908499 
-45 1548773765 673114 0.908501 
-37 1548773765 693160 0.908503 
-35 1548773765 713162 0.908502 
-43 1548773765 733280 0.908513 
-43 1548773765 753298 0.908511 
-41 1548773765 773295 0.908510 
-39 1548773765 793346 0.908518 
-39 1548773765 813420 0.908510 
-41 1548773765 833400 0.908517 
-41 1548773765 853474 0.908511 
-41 1548773765 873483 0.908517 
-41 1548773765 893538 0.908527 
-39 1548773765 913572 0.908527 
-39 1548773765 933588 0.908535 
-45 1548773765 953656 0.908531 
-45 1548773765 973698 0.908524 
-45 1548773765 993712 0.908536 
-41 1548773766 13783 0.908534 
-39 1548773766 33802 0.908540 
-41 1548773766 53829 0.908534 
-43 1548773766 73910 0.908546 
-45 1548773766 93907 0.908534 
-41 1548773766 113956 0.908546 
-39 1548773766 134032 0.908542 
-43 1548773766 154067 0.908549 
-37 1548773766 174100 0.908550 
-37 1548773766 194120 0.908552 
-39 1548773766 214137 0.908555 
-37 1548773766 234196 0.908555 
-43 1548773766 254226 0.908564 
-41 1548773766 274299 0.908560 
-41 1548773766 294338 0.908564 
-41 1548773766 314348 0.908567 
-41 1548773766 334415 0.908567 
-41 1548773766 354423 0.908569 
-39 1548773766 374478 0.908569 
-41 1548773766 394528 0.908568 
-43 1548773766 414528 0.908574 
-39 1548773766 434549 0.908578 
-41 1548773766 454605 0.908584 
-39 1548773766 474657 0.908584 
-43 1548773766 494673 0.908582 
-41 1548773766 514718 0.908585 
-39 1548773766 534790 0.908590 
-37 1548773766 554784 0.908588 
-39 1548773766 574831 0.908584 
-37 1548773766 594866 0.908594 
-39 1548773766 614893 0.908585 
-37 1548773766 634938 0.908593 
-43 1548773766 654997 0.908595 
-37 1548773766 675047 0.908605 
-39 1548773766 695085 0.908608 
-37 1548773766 715133 0.908600 
-37 1548773766 735160 0.908599 
-39 1548773766 755219 0.908613 
-39 1548773766 775224 0.908612 
-39 1548773766 795301 0.908613 
-41 1548773766 815300 0.908610 
-41 1548773766 835341 0.908616 
-41 1548773766 855430 0.908624 
-41 1548773766 875425 0.908624 
-35 1548773766 895470 0.908615 
-37 1548773766 915493 0.908628 
-37 1548773766 935543 0.908617 
-41 1548773766 955601 0.908630 
-35 1548773766 975603 0.908628 
-41 1548773766 995640 0.908639 
-35 1548773767 15680 0.908630 
-35 1548773767 35760 0.908641 
-35 1548773767 55798 0.908635 
-37 1548773767 75816 0.908645 
-39 1548773767 95890 0.908636 
-37 1548773767 115925 0.908649 
-35 1548773767 135941 0.908650 
-39 1548773767 155975 0.908641 
-39 1548773767 176023 0.908647 
-35 1548773767 196056 0.908650 
-37 1548773767 216081 0.908658 
-37 1548773767 236128 0.908662 
-39 1548773767 256149 0.908657 
-41 1548773767 276199 0.908665 
-39 1548773767 296301 0.908660 
-37 1548773767 316372 0.908667 
-33 1548773767 336363 0.908662 
-39 1548773767 356394 0.908668 
-39 1548773767 376428 0.908669 
-35 1548773767 396453 0.908677 
-37 1548773767 416516 0.908678 
-37 1548773767 436533 0.908679 
-35 1548773767 456550 0.908680 
-39 1548773767 476613 0.908691 
-37 1548773767 496681 0.908683 
-37 1548773767 516675 0.908685 
-35 1548773767 536733 0.908685 
-39 1548773767 556764 0.908691 
-35 1548773767 576847 0.908696 
-37 1548773767 596852 0.908682 
-41 1548773767 616909 0.908691 
-35 1548773767 636910 0.908701 
-37 1548773767 656954 0.908691 
-35 1548773767 677004 0.908704 
-37 1548773767 697027 0.908704 
-39 1548773767 717092 0.908701 
-37 1548773767 737116 0.908696 
-39 1548773767 757182 0.908712 
-37 1548773767 777235 0.908711 
-41 1548773767 797228 0.908719 
-39 1548773767 817343 0.908721 
-37 1548773767 837361 0.908718 
-41 1548773767 857410 0.908722 
-35 1548773767 877438 0.908717 
-39 1548773767 897473 0.908724 
-39 1548773767 917487 0.908719 
-41 1548773767 937548 0.908722 
-41 1548773767 957604 0.908734 
-39 1548773767 977639 0.908737 
-41 1548773767 997670 0.908746 
-39 1548773768 17677 0.908739 
-41 1548773768 37759 0.908729 
-41 1548773768 57789 0.908740 
-43 1548773768 77786 0.908744 
-41 1548773768 97845 0.908737 
-43 1548773768 117891 0.908745 
-45 1548773768 137959 0.908752 
-45 1548773768 157952 0.908754 
-43 1548773768 177989 0.908756 
-45 1548773768 198027 0.908754 
-45 1548773768 218072 0.908759 
-41 1548773768 238173 0.908755 
-41 1548773768 258156 0.908756 
-37 1548773768 278197 0.908772 
-45 1548773768 298285 0.908762 
-45 1548773768 318300 0.908768 
-41 1548773768 338364 0.908771 
-41 1548773768 358412 0.908763 
-41 1548773768 378397 0.908772 
-39 1548773768 398454 0.908781 
-43 1548773768 418504 0.908778 
-43 1548773768 438512 0.908774 
-41 1548773768 458606 0.908781 
-43 1548773768 478615 0.908774 
-41 1548773768 498658 0.908789 
-41 1548773768 518726 0.908783 
-41 1548773768 538750 0.908782 
-41 1548773768 558773 0.908784 
-43 1548773768 578847 0.908782 
-45 1548773768 598848 0.908790 
-37 1548773768 618911 0.908794 
-45 1548773768 638954 0.908801 
-41 1548773768 659023 0.908802 
-45 1548773768 679034 0.908801 
-43 1548773768 699062 0.908799 
-43 1548773768 719112 0.908806 
-39 1548773768 739162 0.908809 
-43 1548773768 759213 0.908802 
-41 1548773768 779285 0.908810 
-41 1548773768 799304 0.908816 
-41 1548773768 819344 0.908818 
-43 1548773768 839403 0.908816 
-39 1548773768 859416 0.908821 
-45 1548773768 879447 0.908816 
-47 1548773768 899460 0.908833 
-41 1548773768 919531 0.908831 
-43 1548773768 939599 0.908829 
-39 1548773768 959615 0.908829 
-39 1548773768 979642 0.908828 
-39 1548773768 999712 0.908827 
-41 1548773769 19734 0.908842 
-39 1548773769 39796 0.908834 
-41 1548773769 59792 0.908838 
-41 1548773769 79851 0.908832 
-43 1548773769 99885 0.908842 
-35 1548773769 119947 0.908846 
-39 1548773769 139933 0.908861 
-37 1548773769 160031 0.908848 
-37 1548773769 180054 0.908850 
-39 1548773769 200062 0.908861 
-43 1548773769 220141 0.908854 
-39 1548773769 240188 0.908864 
-43 1548773769 260230 0.908857 
-39 1548773769 280286 0.908871 
-35 1548773769 300286 0.908866 
-39 1548773769 320348 0.908871 
-39 1548773769 340364 0.908866 
-37 1548773769 360413 0.908872 
-37 1548773769 380446 0.908877 
-39 1548773769 400456 0.908868 
-39 1548773769 420527 0.908877 
-37 1548773769 440572 0.908879 
-39 1548773769 460607 0.908878 
-37 1548773769 480628 0.908877 
-35 1548773769 500679 0.908885 
-39 1548773769 520690 0.908876 
-37 1548773769 540742 0.908896 
-39 1548773769 560765 0.908893 
-35 1548773769 580836 0.908896 
-37 1548773769 600850 0.908878 
-39 1548773769 620882 0.908898 
-39 1548773769 640944 0.908893 
-37 1548773769 661018 0.908907 
-35 1548773769 681024 0.908901 
-37 1548773769 701062 0.908904 
-35 1548773769 721132 0.908900 
-37 1548773769 741167 0.908905 
-35 1548773769 761210 0.908909 
-37 1548773769 781241 0.908918 
-37 1548773769 801284 0.908914 
-31 1548773769 821306 0.908914 
-37 1548773769 841350 0.908909 
-33 1548773769 861370 0.908916 
-31 1548773769 881430 0.908922 
-37 1548773769 901492 0.908923 
-35 1548773769 921500 0.908925 
-31 1548773769 941517 0.908931 
-37 1548773769 961553 0.908932 
-35 1548773769 981645 0.908931 
-35 1548773770 1623 0.908928 
-35 1548773770 21682 0.908934 
-33 1548773770 41726 0.908942 
-37 1548773770 61796 0.908931 
-37 1548773770 81824 0.908936 
-33 1548773770 101851 0.908950 
-39 1548773770 121910 0.908948 
-37 1548773770 141956 0.908951 
-35 1548773770 161996 0.908947 
-39 1548773770 182005 0.908945 
-33 1548773770 202041 0.908959 
-33 1548773770 222073 0.908953 
-33 1548773770 242128 0.908961 
-33 1548773770 262134 0.908956 
-37 1548773770 282180 0.908959 
-35 1548773770 302213 0.908960 
-33 1548773770 322307 0.908970 
-37 1548773770 342347 0.908972 
-41 1548773770 362382 0.908965 
-35 1548773770 382416 0.908964 
-41 1548773770 402412 0.908973 
-41 1548773770 422464 0.908967 
-37 1548773770 442495 0.908995 
-41 1548773770 462582 0.908977 
-37 1548773770 482609 0.908975 
-37 1548773770 502628 0.908979 
-35 1548773770 522694 0.908990 
-35 1548773770 542718 0.908983 
-37 1548773770 562747 0.908992 
-37 1548773770 582790 0.908995 
-43 1548773770 602828 0.908992 
-37 1548773770 622875 0.909000 
-35 1548773770 642900 0.909004 
-37 1548773770 662981 0.909001 
-37 1548773770 683005 0.908999 
-35 1548773770 703047 0.908999 
-39 1548773770 723078 0.909016 
-41 1548773770 743125 0.909001 
-41 1548773770 763153 0.909009 
-37 1548773770 783166 0.909005 
-39 1548773770 803289 0.909017 
-39 1548773770 823246 0.909017 
-35 1548773770 843310 0.909020 
-39 1548773770 863399 0.909020 
-43 1548773770 883402 0.909021 
-39 1548773770 903410 0.909025 
-43 1548773770 923493 0.909026 
-39 1548773770 943471 0.909017 
-41 1548773770 963548 0.909034 
-43 1548773770 983603 0.909028 
-43 1548773771 3659 0.909041 
-41 1548773771 23647 0.909041 
-39 1548773771 43708 0.909038 
-43 1548773771 63760 0.909039 
-37 1548773771 83755 0.909045 
-41 1548773771 103835 0.909050 
-37 1548773771 123845 0.909044 
-41 1548773771 143879 0.909052 
-41 1548773771 163905 0.909043 
-39 1548773771 183979 0.909055 
-41 1548773771 204010 0.909052 
-37 1548773771 224081 0.909055 
-39 1548773771 244104 0.909059 
-41 1548773771 264151 0.909058 
-41 1548773771 284146 0.909064 
-41 1548773771 304244 0.909066 
-39 1548773771 324290 0.909069 
-41 1548773771 344390 0.909059 
-39 1548773771 364344 0.909073 
-37 1548773771 384349 0.909073 
-41 1548773771 404401 0.909073 
-37 1548773771 424434 0.909077 
-41 1548773771 444471 0.909077 
-43 1548773771 464542 0.909082 
-37 1548773771 484550 0.909080 
-43 1548773771 504620 0.909077 
-39 1548773771 524678 0.909087 
-41 1548773771 544674 0.909092 
-43 1548773771 564705 0.909087 
-43 1548773771 584763 0.909094 
-41 1548773771 604769 0.909091 
-43 1548773771 624807 0.909098 
-39 1548773771 644876 0.909098 
-41 1548773771 664920 0.909097 
-41 1548773771 684959 0.909095 
-45 1548773771 704985 0.909113 
-43 1548773771 725032 0.909100 
-37 1548773771 745052 0.909104 
-43 1548773771 765121 0.909110 
-41 1548773771 785132 0.909116 
-43 1548773771 805184 0.909110 
-41 1548773771 825213 0.909124 
-43 1548773771 845292 0.909126 
-37 1548773771 865353 0.909126 
-43 1548773771 885350 0.909119 
-41 1548773771 905420 0.909132 
-43 1548773771 925481 0.909126 
-39 1548773771 945467 0.909136 
-43 1548773771 965535 0.909130 
-43 1548773771 985528 0.909124 
-41 1548773772 5621 0.909133 
-39 1548773772 25609 0.909143 
-39 1548773772 45714 0.909131 
-41 1548773772 65709 0.909142 
-41 1548773772 85730 0.909144 
-41 1548773772 105793 0.909146 
-41 1548773772 125843 0.909138 
-43 1548773772 145854 0.909160 
-43 1548773772 165935 0.909144 
-39 1548773772 185958 0.909148 
-43 1548773772 206013 0.909155 
-37 1548773772 226046 0.909153 
-41 1548773772 246046 0.909152 
-39 1548773772 266133 0.909161 
-39 1548773772 286169 0.909160 
-41 1548773772 306151 0.909163 
-33 1548773772 326250 0.909165 
-35 1548773772 346240 0.909170 
-35 1548773772 366312 0.909165 
-33 1548773772 386373 0.909171 
-41 1548773772 406419 0.909178 
-39 1548773772 426440 0.909174 
-37 1548773772 446481 0.909182 
-35 1548773772 466497 0.909178 
-35 1548773772 486544 0.909183 
-33 1548773772 506618 0.909177 
-41 1548773772 526610 0.909188 
-33 1548773772 546630 0.909200 
-35 1548773772 566717 0.909189 
-39 1548773772 586711 0.909202 
-41 1548773772 606794 0.909185 
-35 1548773772 626818 0.909202 
-37 1548773772 646858 0.909198 
-35 1548773772 666913 0.909191 
-39 1548773772 686952 0.909200 
-31 1548773772 706960 0.909202 
-37 1548773772 726989 0.909204 
-33 1548773772 747058 0.909205 
-39 1548773772 767109 0.909208 
-37 1548773772 787147 0.909219 
-37 1548773772 807170 0.909210 
-39 1548773772 827205 0.909221 
-41 1548773772 847294 0.909219 
-37 1548773772 867293 0.909218 
-37 1548773772 887312 0.909227 
-37 1548773772 907391 0.909225 
-41 1548773772 927374 0.909218 
-35 1548773772 947448 0.909229 
-39 1548773772 967472 0.909224 
-39 1548773772 987545 0.909241 
-33 1548773773 7545 0.909229 
-37 1548773773 27571 0.909242 
-33 1548773773 47632 0.909246 
-35 1548773773 67663 0.909238 
-37 1548773773 87732 0.909235 
-37 1548773773 107764 0.909246 
-39 1548773773 127773 0.909241 
-37 1548773773 147816 0.909255 
-35 1548773773 167897 0.909243 
-37 1548773773 187925 0.909252 
-37 1548773773 207979 0.909246 
-33 1548773773 227995 0.909257 
-37 1548773773 248031 0.909265 
-37 1548773773 268046 0.909263 
-31 1548773773 288150 0.909257 
-31 1548773773 308154 0.909258 
-37 1548773773 328214 0.909276 
-35 1548773773 348282 0.909271 
-33 1548773773 368247 0.909271 
-33 1548773773 388313 0.909279 
-35 1548773773 408374 0.909279 
-37 1548773773 428377 0.909277 
-35 1548773773 448438 0.909272 
-41 1548773773 468473 0.909283 
-39 1548773773 488482 0.909281 
-37 1548773773 508537 0.909277 
-39 1548773773 528560 0.909283 
-37 1548773773 548616 0.909291 
-43 1548773773 568648 0.909291 
-35 1548773773 588702 0.909294 
-35 1548773773 608746 0.909288 
-35 1548773773 628785 0.909304 
-35 1548773773 648790 0.909297 
-39 1548773773 668858 0.909301 
-39 1548773773 688870 0.909307 
-39 1548773773 708961 0.909307 
-37 1548773773 728972 0.909299 
-41 1548773773 749038 0.909304 
-39 1548773773 769042 0.909319 
-41 1548773773 789094 0.909309 
-37 1548773773 809147 0.909314 
-39 1548773773 829166 0.909315 
-41 1548773773 849182 0.909327 
-39 1548773773 869295 0.909312 
-39 1548773773 889312 0.909319 
-39 1548773773 909314 0.909323 
-41 1548773773 929376 0.909327 
-41 1548773773 949422 0.909330 
-39 1548773773 969462 0.909323 
-39 1548773773 989487 0.909337 
-37 1548773774 9500 0.909337 
-39 1548773774 29589 0.909327 
-43 1548773774 49624 0.909337 
-37 1548773774 69625 0.909340 
-43 1548773774 89674 0.909337 
-41 1548773774 109732 0.909347 
-37 1548773774 129777 0.909351 
-41 1548773774 149774 0.909348 
-41 1548773774 169837 0.909351 
-41 1548773774 189893 0.909355 
-43 1548773774 209939 0.909359 
-41 1548773774 229957 0.909351 
-41 1548773774 249975 0.909359 
-43 1548773774 270031 0.909362 
-43 1548773774 290048 0.909358 
-43 1548773774 310125 0.909370 
-41 1548773774 330154 0.909371 
-41 1548773774 350173 0.909357 
-41 1548773774 370231 0.909371 
-41 1548773774 390238 0.909369 
-41 1548773774 410372 0.909377 
-39 1548773774 430376 0.909377 
-45 1548773774 450423 0.909385 
-43 1548773774 470420 0.909379 
-43 1548773774 490480 0.909384 
-41 1548773774 510483 0.909379 
-39 1548773774 530564 0.909381 
-43 1548773774 550581 0.909393 
-39 1548773774 570627 0.909392 
-39 1548773774 590627 0.909397 
-43 1548773774 610705 0.909387 
-39 1548773774 630740 0.909391 
-41 1548773774 650788 0.909396 
-43 1548773774 670798 0.909403 
-41 1548773774 690883 0.909401 
-37 1548773774 710877 0.909404 
-41 1548773774 730943 0.909407 
-41 1548773774 750959 0.909410 
-41 1548773774 771046 0.909413 
-39 1548773774 791049 0.909409 
-39 1548773774 811114 0.909420 
-41 1548773774 831139 0.909412 
-39 1548773774 851147 0.909418 
-39 1548773774 871227 0.909420 
-39 1548773774 891317 0.909424 
-35 1548773774 911313 0.909425 
-37 1548773774 931316 0.909429 
-39 1548773774 951358 0.909436 
-37 1548773774 971378 0.909425 
-37 1548773774 991466 0.909440 
-35 1548773775 11501 0.909435 
-37 1548773775 31516 0.909440 
-39 1548773775 51571 0.909440 
-37 1548773775 71603 0.909438 
-37 1548773775 91658 0.909443 
-37 1548773775 111685 0.909448 
-35 1548773775 131728 0.909454 
-35 1548773775 151730 0.909441 
-41 1548773775 171757 0.909443 
-37 1548773775 191843 0.909454 
-33 1548773775 211880 0.909458 
-37 1548773775 231901 0.909463 
-35 1548773775 251929 0.909467 
-37 1548773775 271961 0.909454 
-35 1548773775 292006 0.909469 
-43 1548773775 312051 0.909469 
-37 1548773775 332085 0.909465 
-35 1548773775 352141 0.909465 
-39 1548773775 372182 0.909469 
-37 1548773775 392203 0.909465 
-35 1548773775 412253 0.909468 
-37 1548773775 432287 0.909476 
-39 1548773775 452303 0.909470 
-37 1548773775 472349 0.909482 
-37 1548773775 492399 0.909482 
-39 1548773775 512430 0.909482 
-37 1548773775 532443 0.909489 
-35 1548773775 552488 0.909481 
-33 1548773775 572563 0.909492 
-37 1548773775 592582 0.909490 
-35 1548773775 612665 0.909493 
-37 1548773775 632666 0.909497 
-39 1548773775 652696 0.909502 
-39 1548773775 672752 0.909498 
-37 1548773775 692797 0.909504 
-39 1548773775 712820 0.909498 
-39 1548773775 732856 0.909503 
-39 1548773775 752901 0.909508 
-35 1548773775 772944 0.909502 
-39 1548773775 792996 0.909517 
-39 1548773775 813001 0.909515 
-39 1548773775 833048 0.909510 
-41 1548773775 853085 0.909517 
-41 1548773775 873161 0.909519 
-37 1548773775 893167 0.909521 
-41 1548773775 913185 0.909531 
-41 1548773775 933299 0.909518 
-39 1548773775 953316 0.909536 
-43 1548773775 973361 0.909523 
-41 1548773775 993400 0.909537 
-37 1548773776 13443 0.909535 
-37 1548773776 33421 0.909539 
-35 1548773776 53469 0.909526 
-35 1548773776 73530 0.909540 
-37 1548773776 93535 0.909542 
-39 1548773776 113603 0.909545 
-39 1548773776 133623 0.909539 
-35 1548773776 153670 0.909553 
-39 1548773776 173724 0.909553 
-37 1548773776 193746 0.909551 
-37 1548773776 213822 0.909553 
-39 1548773776 233811 0.909551 
-35 1548773776 253861 0.909556 
-39 1548773776 273935 0.909561 
-37 1548773776 293932 0.909559 
-39 1548773776 313983 0.909561 
-39 1548773776 334025 0.909561 
-37 1548773776 354047 0.909576 
-39 1548773776 374075 0.909570 
-39 1548773776 394159 0.909572 
-41 1548773776 414190 0.909572 
-35 1548773776 434226 0.909578 
-39 1548773776 454289 0.909576 
-39 1548773776 474363 0.909585 
-41 1548773776 494317 0.909581 
-37 1548773776 514361 0.909585 
-39 1548773776 534424 0.909584 
-37 1548773776 554440 0.909592 
-37 1548773776 574470 0.909594 
-43 1548773776 594506 0.909583 
-37 1548773776 614545 0.909585 
-41 1548773776 634615 0.909596 
-39 1548773776 654618 0.909598 
-43 1548773776 674732 0.909600 
-39 1548773776 694721 0.909608 
-37 1548773776 714744 0.909601 
-43 1548773776 734785 0.909597 
-41 1548773776 754861 0.909606 
-41 1548773776 774852 0.909613 
-39 1548773776 794913 0.909612 
-47 1548773776 814972 0.909612 
-37 1548773776 834970 0.909618 
-41 1548773776 855094 0.909609 
-39 1548773776 875043 0.909622 
-39 1548773776 895129 0.909628 
-45 1548773776 915163 0.909633 
-43 1548773776 935179 0.909624 
-43 1548773776 955225 0.909623 
-43 1548773776 975299 0.909631 
-37 1548773776 995302 0.909636 
-41 1548773777 15322 0.909646 
-41 1548773777 35360 0.909628 
-41 1548773777 55437 0.909635 
-39 1548773777 75461 0.909648 
-39 1548773777 95481 0.909644 
-41 1548773777 115522 0.909642 
-45 1548773777 135570 0.909650 
-43 1548773777 155620 0.909655 
-45 1548773777 175662 0.909644 
-43 1548773777 195679 0.909655 
-45 1548773777 215741 0.909657 
-45 1548773777 235779 0.909661 
-39 1548773777 255811 0.909657 
-45 1548773777 275840 0.909656 
-39 1548773777 295912 0.909666 
-39 1548773777 315926 0.909669 
-43 1548773777 335997 0.909670 
-37 1548773777 356050 0.909666 
-41 1548773777 376074 0.909667 
-41 1548773777 396109 0.909668 
-43 1548773777 416140 0.909669 
-43 1548773777 436179 0.909677 
-45 1548773777 456228 0.909684 
-39 1548773777 476303 0.909684 
-39 1548773777 496385 0.909681 
-43 1548773777 516352 0.909684 
-41 1548773777 536381 0.909688 
-43 1548773777 556385 0.909680 
-43 1548773777 576455 0.909679 
-41 1548773777 596468 0.909695 
-39 1548773777 616492 0.909703 
-39 1548773777 636571 0.909696 
-41 1548773777 656641 0.909696 
-39 1548773777 676662 0.909697 
-37 1548773777 696665 0.909706 
-43 1548773777 716748 0.909703 
-39 1548773777 736751 0.909697 
-39 1548773777 756816 0.909716 
-41 1548773777 776812 0.909707 
-41 1548773777 796848 0.909711 
-41 1548773777 816911 0.909718 
-43 1548773777 836952 0.909712 
-37 1548773777 856971 0.909713 
-39 1548773777 877034 0.909717 
-41 1548773777 897074 0.909731 
-43 1548773777 917097 0.909725 
-43 1548773777 937130 0.909729 
-43 1548773777 957211 0.909736 
-45 1548773777 977259 0.909725 
-43 1548773777 997303 0.909745 
-37 1548773778 17304 0.909734 
-39 1548773778 37366 0.909735 
-35 1548773778 57376 0.909742 
-39 1548773778 77422 0.909738 
-39 1548773778 97492 0.909745 
-39 1548773778 117507 0.909746 
-45 1548773778 137563 0.909740 
-41 1548773778 157571 0.909742 
-43 1548773778 177599 0.909758 
-43 1548773778 197685 0.909755 
-45 1548773778 217696 0.909757 
-39 1548773778 237742 0.909751 
-35 1548773778 257785 0.909762 
-39 1548773778 277830 0.909758 
-37 1548773778 297868 0.909762 
-37 1548773778 317921 0.909764 
-37 1548773778 337940 0.909763 
-39 1548773778 357986 0.909772 
-39 1548773778 378002 0.909771 
-37 1548773778 398084 0.909777 
-37 1548773778 418087 0.909789 
-43 1548773778 438159 0.909781 
-37 1548773778 458152 0.909784 
-35 1548773778 478183 0.909775 
-37 1548773778 498259 0.909778 
-39 1548773778 518292 0.909786 
-35 1548773778 538360 0.909792 
-41 1548773778 558362 0.909786 
-39 1548773778 578439 0.909792 
-37 1548773778 598430 0.909791 
-41 1548773778 618509 0.909800 
-37 1548773778 638522 0.909799 
-37 1548773778 658572 0.909795 
-41 1548773778 678634 0.909800 
-35 1548773778 698673 0.909813 
-33 1548773778 718691 0.909812 
-39 1548773778 738701 0.909808 
-37 1548773778 758741 0.909810 
-39 1548773778 778802 0.909807 
-37 1548773778 798822 0.909811 
-41 1548773778 818845 0.909824 
-33 1548773778 838886 0.909805 
-39 1548773778 858959 0.909812 
-35 1548773778 878990 0.909821 
-39 1548773778 899036 0.909832 
-39 1548773778 919061 0.909828 
-37 1548773778 939131 0.909832 
-39 1548773778 959135 0.909823 
-37 1548773778 979158 0.909833 
-35 1548773778 999204 0.909828 
-39 1548773779 19249 0.909843 
-39 1548773779 39324 0.909829 
-35 1548773779 59355 0.909835 
-41 1548773779 79372 0.909843 
-41 1548773779 99432 0.909841 
-35 1548773779 119448 0.909841 
-43 1548773779 139473 0.909839 
-39 1548773779 159488 0.909855 
-41 1548773779 179571 0.909847 
-39 1548773779 199619 0.909849 
-39 1548773779 219661 0.909852 
-43 1548773779 239671 0.909857 
-35 1548773779 259700 0.909861 
-43 1548773779 279729 0.909852 
-41 1548773779 299808 0.909866 
-39 1548773779 319842 0.909865 
-41 1548773779 339866 0.909863 
-37 1548773779 359906 0.909863 
-41 1548773779 379925 0.909871 
-43 1548773779 399971 0.909873 
-41 1548773779 420036 0.909882 
-39 1548773779 440083 0.909872 
-43 1548773779 460093 0.909872 
-37 1548773779 480136 0.909888 
-41 1548773779 500180 0.909874 
-45 1548773779 520221 0.909878 
-41 1548773779 540252 0.909888 
-41 1548773779 560253 0.909885 
-47 1548773779 580332 0.909893 
-41 1548773779 600357 0.909894 
-37 1548773779 620403 0.909900 
-41 1548773779 640448 0.909895 
-41 1548773779 660507 0.909902 
-39 1548773779 680526 0.909907 
-43 1548773779 700547 0.909901 
-45 1548773779 720614 0.909912 
-43 1548773779 740635 0.909900 
-41 1548773779 760701 0.909907 
-37 1548773779 780691 0.909916 
-43 1548773779 800745 0.909913 
-41 1548773779 820810 0.909917 
-43 1548773779 840810 0.909928
