-37 1548774132 201538 0.903324 
-33 1548774132 213136 0.902952 
-35 1548774132 233162 0.906289 
-37 1548774132 253162 0.904196 
-37 1548774132 273175 0.905475 
-35 1548774132 293216 0.904747 
-37 1548774132 313258 0.905095 
-37 1548774132 333287 0.904990 
-33 1548774132 353351 0.905000 
-33 1548774132 373364 0.905004 
-35 1548774132 393450 0.905012 
-33 1548774132 413437 0.904995 
-33 1548774132 433474 0.905006 
-35 1548774132 453547 0.905011 
-35 1548774132 473578 0.904998 
-33 1548774132 493601 0.905010 
-35 1548774132 513644 0.905009 
-33 1548774132 533681 0.905015 
-35 1548774132 553699 0.905002 
-33 1548774132 573719 0.905006 
-35 1548774132 593774 0.905018 
-37 1548774132 613810 0.905009 
-37 1548774132 633884 0.905021 
-35 1548774132 653893 0.905015 
-33 1548774132 673951 0.905012 
-37 1548774132 694010 0.905023 
-35 1548774132 713978 0.905020 
-33 1548774132 734035 0.905023 
-35 1548774132 754065 0.905007 
-35 1548774132 774103 0.905026 
-41 1548774132 794158 0.905022 
-33 1548774132 814151 0.905018 
-33 1548774132 834197 0.905022 
-37 1548774132 854287 0.905028 
-37 1548774132 874271 0.905029 
-39 1548774132 894336 0.905024 
-33 1548774132 914401 0.905026 
-35 1548774132 934425 0.905028 
-37 1548774132 954481 0.905032 
-33 1548774132 974459 0.905032 
-35 1548774132 994550 0.905024 
-37 1548774133 14565 0.905034 
-37 1548774133 34586 0.905023 
-37 1548774133 54627 0.905040 
-39 1548774133 74684 0.905034 
-37 1548774133 94746 0.905044 
-35 1548774133 114732 0.905038 
-31 1548774133 134759 0.905039 
-37 1548774133 154798 0.905037 
-41 1548774133 174835 0.905039 
-37 1548774133 194859 0.905040 
-39 1548774133 214899 0.905054 
-35 1548774133 234977 0.905043 
-35 1548774133 255020 0.905039 
-37 1548774133 275039 0.905045 
-41 1548774133 295076 0.905042 
-39 1548774133 315101 0.905054 
-37 1548774133 335147 0.905050 
-37 1548774133 355162 0.905056 
-33 1548774133 375220 0.905049 
-39 1548774133 395232 0.905055 
-35 1548774133 415287 0.905054 
-35 1548774133 435339 0.905050 
-37 1548774133 455377 0.905067 
-33 1548774133 475424 0.905054 
-37 1548774133 495441 0.905054 
-39 1548774133 515451 0.905057 
-37 1548774133 535523 0.905067 
-39 1548774133 555586 0.905062 
-37 1548774133 575593 0.905063 
-31 1548774133 595650 0.905066 
-41 1548774133 615698 0.905057 
-35 1548774133 635702 0.905071 
-37 1548774133 655760 0.905072 
-37 1548774133 675778 0.905070 
-39 1548774133 695846 0.905071 
-33 1548774133 715879 0.905066 
-37 1548774133 735915 0.905077 
-39 1548774133 755948 0.905065 
-37 1548774133 775979 0.905073 
-41 1548774133 795976 0.905065 
-37 1548774133 816039 0.905077 
-37 1548774133 836082 0.905081 
-41 1548774133 856102 0.905071 
-39 1548774133 876164 0.905072 
-41 1548774133 896230 0.905077 
-39 1548774133 916256 0.905083 
-37 1548774133 936289 0.905083 
-39 1548774133 956293 0.905078 
-41 1548774133 976314 0.905081 
-35 1548774133 996371 0.905082 
-39 1548774134 16443 0.905089 
-43 1548774134 36419 0.905085 
-39 1548774134 56462 0.905087 
-39 1548774134 76497 0.905084 
-37 1548774134 96577 0.905089 
-43 1548774134 116581 0.905084 
-41 1548774134 136636 0.905092 
-39 1548774134 156690 0.905085 
-41 1548774134 176688 0.905093 
-39 1548774134 196745 0.905087 
-41 1548774134 216806 0.905094 
-39 1548774134 236816 0.905100 
-37 1548774134 256867 0.905090 
-39 1548774134 276872 0.905105 
-37 1548774134 296981 0.905090 
-39 1548774134 317020 0.905096 
-39 1548774134 337010 0.905098 
-37 1548774134 357071 0.905105 
-43 1548774134 377132 0.905115 
-35 1548774134 397143 0.905103 
-41 1548774134 417148 0.905109 
-41 1548774134 437210 0.905111 
-41 1548774134 457213 0.905107 
-39 1548774134 477325 0.905106 
-41 1548774134 497279 0.905100 
-43 1548774134 517320 0.905107 
-39 1548774134 537378 0.905111 
-43 1548774134 557387 0.905115 
-37 1548774134 577443 0.905106 
-37 1548774134 597499 0.905120 
-41 1548774134 617543 0.905103 
-41 1548774134 637589 0.905115 
-39 1548774134 657570 0.905114 
-41 1548774134 677623 0.905116 
-43 1548774134 697650 0.905116 
-37 1548774134 717735 0.905111 
-39 1548774134 737765 0.905121 
-39 1548774134 757791 0.905112 
-43 1548774134 777838 0.905116 
-39 1548774134 797842 0.905121 
-43 1548774134 817891 0.905114 
-41 1548774134 837978 0.905131 
-39 1548774134 857980 0.905126 
-43 1548774134 878071 0.905127 
-39 1548774134 898036 0.905125 
-39 1548774134 918084 0.905132 
-37 1548774134 938155 0.905131 
-37 1548774134 958166 0.905134 
-37 1548774134 978235 0.905142 
-43 1548774134 998230 0.905131 
-39 1548774135 18287 0.905134 
-39 1548774135 38364 0.905134 
-43 1548774135 58375 0.905144 
-41 1548774135 78435 0.905138 
-39 1548774135 98427 0.905127 
-39 1548774135 118446 0.905139 
-43 1548774135 138508 0.905134 
-43 1548774135 158567 0.905145 
-41 1548774135 178632 0.905145 
-41 1548774135 198608 0.905153 
-35 1548774135 218686 0.905140 
-39 1548774135 238715 0.905145 
-41 1548774135 258753 0.905148 
-39 1548774135 278753 0.905151 
-37 1548774135 298825 0.905145 
-39 1548774135 318830 0.905150 
-43 1548774135 338892 0.905145 
-41 1548774135 358962 0.905155 
-39 1548774135 379007 0.905153 
-37 1548774135 398978 0.905144 
-41 1548774135 419038 0.905155 
-39 1548774135 439043 0.905149 
-33 1548774135 459134 0.905156 
-43 1548774135 479144 0.905150 
-41 1548774135 499168 0.905161 
-41 1548774135 519236 0.905160 
-37 1548774135 539259 0.905160 
-37 1548774135 559263 0.905170 
-39 1548774135 579427 0.905149 
-43 1548774135 599356 0.905155 
-39 1548774135 619439 0.905157 
-39 1548774135 639460 0.905160 
-39 1548774135 659480 0.905159 
-39 1548774135 679551 0.905166 
-37 1548774135 699535 0.905176 
-43 1548774135 719580 0.905168 
-39 1548774135 739649 0.905171 
-37 1548774135 759670 0.905172 
-39 1548774135 779730 0.905164 
-37 1548774135 799732 0.905177 
-35 1548774135 819806 0.905170 
-39 1548774135 839804 0.905176 
-39 1548774135 859939 0.905172 
-39 1548774135 879901 0.905182 
-35 1548774135 899914 0.905173 
-35 1548774135 920025 0.905173 
-41 1548774135 940004 0.905183 
-37 1548774135 960043 0.905187 
-35 1548774135 980090 0.905176 
-35 1548774136 155 0.905192 
-37 1548774136 20137 0.905181 
-33 1548774136 40168 0.905190 
-37 1548774136 60267 0.905186 
-43 1548774136 80264 0.905195 
-33 1548774136 100342 0.905190 
-39 1548774136 120390 0.905188 
-37 1548774136 140422 0.905195 
-39 1548774136 160481 0.905190 
-37 1548774136 180466 0.905200 
-37 1548774136 200506 0.905188 
-35 1548774136 220529 0.905203 
-39 1548774136 240617 0.905188 
-37 1548774136 260652 0.905199 
-33 1548774136 280669 0.905190 
-37 1548774136 300715 0.905197 
-37 1548774136 320777 0.905208 
-35 1548774136 340767 0.905197 
-37 1548774136 360813 0.905203 
-41 1548774136 380860 0.905208 
-41 1548774136 400920 0.905198 
-35 1548774136 420980 0.905203 
-37 1548774136 440980 0.905204 
-37 1548774136 460983 0.905209 
-37 1548774136 481045 0.905201 
-37 1548774136 501091 0.905204 
-41 1548774136 521106 0.905208 
-39 1548774136 541170 0.905216 
-39 1548774136 561166 0.905212 
-39 1548774136 581225 0.905208 
-39 1548774136 601270 0.905220 
-39 1548774136 621303 0.905201 
-39 1548774136 641360 0.905209 
-39 1548774136 661381 0.905217 
-37 1548774136 681440 0.905219 
-39 1548774136 701468 0.905215 
-33 1548774136 721504 0.905209 
-35 1548774136 741557 0.905216 
-35 1548774136 761589 0.905223 
-37 1548774136 781618 0.905225 
-39 1548774136 801653 0.905225 
-37 1548774136 821709 0.905222 
-35 1548774136 841716 0.905225 
-39 1548774136 861782 0.905228 
-37 1548774136 881794 0.905226 
-35 1548774136 901877 0.905228 
-35 1548774136 921897 0.905240 
-35 1548774136 941903 0.905228 
-37 1548774136 961985 0.905225 
-41 1548774136 981984 0.905226 
-35 1548774137 2096 0.905231 
-33 1548774137 22054 0.905234 
-33 1548774137 42075 0.905229 
-33 1548774137 62169 0.905232 
-37 1548774137 82219 0.905236 
-39 1548774137 102203 0.905236 
-39 1548774137 122272 0.905236 
-35 1548774137 142275 0.905242 
-35 1548774137 162319 0.905236 
-35 1548774137 182348 0.905247 
-37 1548774137 202410 0.905234 
-37 1548774137 222419 0.905239 
-31 1548774137 242515 0.905245 
-35 1548774137 262530 0.905258 
-37 1548774137 282594 0.905249 
-33 1548774137 302594 0.905249 
-33 1548774137 322613 0.905248 
-37 1548774137 342654 0.905255 
-35 1548774137 362700 0.905247 
-33 1548774137 382781 0.905259 
-37 1548774137 402796 0.905249 
-35 1548774137 422806 0.905250 
-37 1548774137 442922 0.905247 
-35 1548774137 462911 0.905255 
-33 1548774137 482920 0.905265 
-37 1548774137 503026 0.905256 
-35 1548774137 523046 0.905249 
-35 1548774137 543059 0.905259 
-35 1548774137 563064 0.905259 
-35 1548774137 583095 0.905265 
-37 1548774137 603141 0.905261 
-35 1548774137 623255 0.905261 
-33 1548774137 643228 0.905255 
-33 1548774137 663279 0.905270 
-31 1548774137 683352 0.905265 
-37 1548774137 703370 0.905267 
-39 1548774137 723458 0.905280 
-37 1548774137 743460 0.905264 
-37 1548774137 763468 0.905253 
-35 1548774137 783472 0.905272 
-35 1548774137 803529 0.905278 
-35 1548774137 823577 0.905277 
-35 1548774137 843636 0.905272 
-35 1548774137 863679 0.905271 
-35 1548774137 883718 0.905261 
-37 1548774137 903741 0.905282 
-37 1548774137 923786 0.905278 
-37 1548774137 943819 0.905275 
-33 1548774137 963828 0.905266 
-37 1548774137 983888 0.905286 
-33 1548774138 3983 0.905277 
-37 1548774138 23964 0.905287 
-35 1548774138 44029 0.905284 
-33 1548774138 64029 0.905295 
-37 1548774138 84117 0.905282 
-33 1548774138 104136 0.905283 
-39 1548774138 124172 0.905287 
-35 1548774138 144171 0.905284 
-33 1548774138 164212 0.905294 
-39 1548774138 184274 0.905286 
-39 1548774138 204298 0.905293 
-37 1548774138 224321 0.905297 
-37 1548774138 244433 0.905291 
-39 1548774138 264394 0.905293 
-33 1548774138 284477 0.905292 
-39 1548774138 304476 0.905297 
-35 1548774138 324546 0.905305 
-37 1548774138 344570 0.905297 
-39 1548774138 364579 0.905300 
-39 1548774138 384625 0.905306 
-35 1548774138 404662 0.905302 
-39 1548774138 424733 0.905299 
-39 1548774138 444768 0.905308 
-33 1548774138 464805 0.905306 
-37 1548774138 484822 0.905311 
-39 1548774138 504861 0.905309 
-39 1548774138 524889 0.905313 
-37 1548774138 544969 0.905310 
-37 1548774138 565018 0.905314 
-37 1548774138 585018 0.905304 
-39 1548774138 605029 0.905314 
-35 1548774138 625094 0.905306 
-37 1548774138 645156 0.905321 
-37 1548774138 665156 0.905326 
-35 1548774138 685217 0.905313 
-33 1548774138 705241 0.905315 
-37 1548774138 725293 0.905314 
-37 1548774138 745322 0.905317 
-37 1548774138 765392 0.905323 
-37 1548774138 785415 0.905327 
-35 1548774138 805420 0.905321 
-35 1548774138 825479 0.905319 
-35 1548774138 845503 0.905327 
-37 1548774138 865549 0.905325 
-37 1548774138 885602 0.905336 
-35 1548774138 905646 0.905326 
-41 1548774138 925677 0.905336 
-41 1548774138 945684 0.905332 
-39 1548774138 965705 0.905345 
-33 1548774138 985779 0.905321 
-41 1548774139 5825 0.905334 
-37 1548774139 25845 0.905330 
-33 1548774139 45911 0.905342 
-35 1548774139 65926 0.905332 
-41 1548774139 86017 0.905338 
-33 1548774139 105973 0.905342 
-39 1548774139 126020 0.905338 
-41 1548774139 146042 0.905337 
-37 1548774139 166113 0.905336 
-41 1548774139 186113 0.905342 
-37 1548774139 206160 0.905332 
-39 1548774139 226207 0.905336 
-37 1548774139 246247 0.905350 
-35 1548774139 266294 0.905342 
-41 1548774139 286341 0.905348 
-39 1548774139 306394 0.905344 
-35 1548774139 326420 0.905353 
-37 1548774139 346478 0.905344 
-37 1548774139 366473 0.905345 
-37 1548774139 386518 0.905350 
-41 1548774139 406590 0.905348 
-39 1548774139 426644 0.905343 
-35 1548774139 446611 0.905363 
-41 1548774139 466658 0.905354 
-39 1548774139 486697 0.905350 
-37 1548774139 506760 0.905360 
-39 1548774139 526852 0.905370 
-35 1548774139 546853 0.905355 
-39 1548774139 566896 0.905367 
-37 1548774139 586924 0.905363 
-35 1548774139 607019 0.905372 
-37 1548774139 626984 0.905356 
-37 1548774139 647031 0.905369 
-39 1548774139 667087 0.905356 
-39 1548774139 687141 0.905366 
-39 1548774139 707163 0.905364 
-35 1548774139 727218 0.905372 
-39 1548774139 747222 0.905376 
-41 1548774139 767299 0.905374 
-43 1548774139 787280 0.905369 
-37 1548774139 807347 0.905377 
-39 1548774139 827400 0.905376 
-41 1548774139 847405 0.905377 
-37 1548774139 867441 0.905380 
-39 1548774139 887479 0.905376 
-39 1548774139 907563 0.905374 
-39 1548774139 927597 0.905375 
-39 1548774139 947601 0.905382 
-41 1548774139 967674 0.905381 
-37 1548774139 987692 0.905387 
-37 1548774140 7722 0.905376 
-37 1548774140 27805 0.905378 
-39 1548774140 47809 0.905387 
-37 1548774140 67829 0.905382 
-39 1548774140 87885 0.905389 
-37 1548774140 107896 0.905382 
-39 1548774140 127971 0.905385 
-45 1548774140 148032 0.905391 
-35 1548774140 168046 0.905389 
-37 1548774140 188079 0.905392 
-37 1548774140 208113 0.905393 
-39 1548774140 228184 0.905389 
-39 1548774140 248161 0.905397 
-39 1548774140 268226 0.905399 
-39 1548774140 288282 0.905398 
-37 1548774140 308300 0.905402 
-39 1548774140 328390 0.905393 
-39 1548774140 348391 0.905403 
-39 1548774140 368425 0.905396 
-41 1548774140 388487 0.905400 
-39 1548774140 408496 0.905406 
-39 1548774140 428516 0.905411 
-43 1548774140 448602 0.905409 
-41 1548774140 468615 0.905414 
-37 1548774140 488637 0.905405 
-41 1548774140 508718 0.905403 
-41 1548774140 528763 0.905405 
-37 1548774140 548745 0.905424 
-45 1548774140 568787 0.905417 
-41 1548774140 588825 0.905409 
-43 1548774140 608909 0.905408 
-39 1548774140 628972 0.905426 
-41 1548774140 648971 0.905414 
-37 1548774140 669032 0.905413 
-43 1548774140 689052 0.905421 
-41 1548774140 709053 0.905414 
-41 1548774140 729093 0.905409 
-41 1548774140 749153 0.905419 
-45 1548774140 769244 0.905416 
-45 1548774140 789211 0.905419 
-45 1548774140 809239 0.905422 
-41 1548774140 829338 0.905425 
-39 1548774140 849349 0.905430 
-37 1548774140 869408 0.905427 
-41 1548774140 889425 0.905430 
-41 1548774140 909481 0.905433 
-37 1548774140 929491 0.905427 
-39 1548774140 949510 0.905430 
-39 1548774140 969556 0.905425 
-39 1548774140 989643 0.905426 
-39 1548774141 9655 0.905438 
-41 1548774141 29724 0.905436 
-39 1548774141 49702 0.905430 
-37 1548774141 69786 0.905443 
-39 1548774141 89818 0.905436 
-37 1548774141 109833 0.905447 
-39 1548774141 129879 0.905441 
-39 1548774141 149972 0.905432 
-43 1548774141 169972 0.905449 
-37 1548774141 189999 0.905454 
-39 1548774141 210054 0.905437 
-39 1548774141 230052 0.905437 
-41 1548774141 250102 0.905452 
-39 1548774141 270177 0.905448 
-43 1548774141 290186 0.905442 
-39 1548774141 310228 0.905452 
-43 1548774141 330240 0.905452 
-45 1548774141 350304 0.905449 
-39 1548774141 370341 0.905452 
-43 1548774141 390388 0.905457 
-41 1548774141 410462 0.905452 
-41 1548774141 430436 0.905454 
-37 1548774141 450469 0.905449 
-41 1548774141 470511 0.905464 
-43 1548774141 490524 0.905454 
-45 1548774141 510603 0.905455 
-41 1548774141 530599 0.905457 
-39 1548774141 550641 0.905460 
-35 1548774141 570713 0.905461 
-39 1548774141 590740 0.905463 
-39 1548774141 610771 0.905468 
-41 1548774141 630792 0.905469 
-43 1548774141 650850 0.905463 
-35 1548774141 670865 0.905463 
-41 1548774141 690892 0.905465 
-43 1548774141 710991 0.905470 
-43 1548774141 730992 0.905469 
-37 1548774141 751022 0.905474 
-43 1548774141 771055 0.905457 
-39 1548774141 791080 0.905474 
-39 1548774141 811147 0.905474 
-39 1548774141 831209 0.905470 
-41 1548774141 851222 0.905476 
-41 1548774141 871297 0.905479 
-37 1548774141 891288 0.905480 
-41 1548774141 911314 0.905477 
-39 1548774141 931387 0.905479 
-39 1548774141 951386 0.905474 
-37 1548774141 971450 0.905475 
-39 1548774141 991515 0.905480 
-39 1548774142 11547 0.905483 
-43 1548774142 31584 0.905485 
-39 1548774142 51633 0.905483 
-35 1548774142 71652 0.905487 
-35 1548774142 91656 0.905482 
-39 1548774142 111742 0.905487 
-43 1548774142 131739 0.905490 
-39 1548774142 151829 0.905492 
-37 1548774142 171872 0.905494 
-39 1548774142 191874 0.905490 
-35 1548774142 211909 0.905496 
-41 1548774142 231992 0.905498 
-39 1548774142 252035 0.905498 
-39 1548774142 272055 0.905491 
-37 1548774142 292100 0.905497 
-39 1548774142 312101 0.905496 
-37 1548774142 332144 0.905493 
-39 1548774142 352208 0.905496 
-37 1548774142 372225 0.905502 
-29 1548774142 392266 0.905496 
-37 1548774142 412347 0.905507 
-37 1548774142 432403 0.905505 
-39 1548774142 452422 0.905507 
-35 1548774142 472465 0.905503 
-33 1548774142 492484 0.905504 
-37 1548774142 512492 0.905508 
-37 1548774142 532564 0.905510 
-35 1548774142 552572 0.905508 
-37 1548774142 572634 0.905511 
-39 1548774142 592632 0.905510 
-41 1548774142 612698 0.905516 
-37 1548774142 632727 0.905503 
-33 1548774142 652782 0.905514 
-35 1548774142 672844 0.905513 
-35 1548774142 692886 0.905520 
-37 1548774142 712905 0.905508 
-37 1548774142 732993 0.905525 
-35 1548774142 753036 0.905521 
-35 1548774142 773054 0.905522 
-37 1548774142 793101 0.905521 
-41 1548774142 813085 0.905527 
-35 1548774142 833164 0.905516 
-37 1548774142 853179 0.905527 
-37 1548774142 873254 0.905520 
-39 1548774142 893289 0.905525 
-37 1548774142 913288 0.905519 
-39 1548774142 933335 0.905535 
-37 1548774142 953398 0.905535 
-37 1548774142 973443 0.905525 
-35 1548774142 993436 0.905530 
-35 1548774143 13525 0.905548 
-33 1548774143 33514 0.905532 
-35 1548774143 53554 0.905533 
-37 1548774143 73605 0.905544 
-35 1548774143 93632 0.905540 
-37 1548774143 113711 0.905533 
-33 1548774143 133713 0.905532 
-33 1548774143 153760 0.905542 
-37 1548774143 173808 0.905541 
-39 1548774143 193840 0.905540 
-37 1548774143 213914 0.905541 
-35 1548774143 233908 0.905540 
-37 1548774143 253994 0.905551 
-39 1548774143 274034 0.905546 
-37 1548774143 294058 0.905552 
-35 1548774143 314102 0.905543 
-35 1548774143 334116 0.905554 
-35 1548774143 354151 0.905551 
-39 1548774143 374225 0.905560 
-35 1548774143 394251 0.905558 
-37 1548774143 414279 0.905562 
-39 1548774143 434322 0.905544 
-39 1548774143 454337 0.905486 
-41 1548774143 474419 0.905657 
-39 1548774143 494428 0.905565 
-41 1548774143 514445 0.905511 
-33 1548774143 534533 0.905559 
-37 1548774143 554542 0.905571 
-35 1548774143 574591 0.905548 
-35 1548774143 594629 0.905575 
-37 1548774143 614652 0.905564 
-35 1548774143 634693 0.905562 
-35 1548774143 654729 0.905553 
-33 1548774143 674763 0.905562 
-37 1548774143 694818 0.905590 
-35 1548774143 714853 0.905568 
-41 1548774143 734881 0.905562 
-37 1548774143 754974 0.905569 
-35 1548774143 775012 0.905573 
-33 1548774143 795034 0.905568 
-35 1548774143 815057 0.905576 
-35 1548774143 835103 0.905564 
-37 1548774143 855160 0.905575 
-39 1548774143 875164 0.905585 
-33 1548774143 895185 0.905573 
-37 1548774143 915241 0.905586 
-39 1548774143 935280 0.905577 
-37 1548774143 955331 0.905582 
-35 1548774143 975397 0.905583 
-35 1548774143 995428 0.905579 
-37 1548774144 15431 0.905590 
-39 1548774144 35457 0.905579 
-39 1548774144 55479 0.905586 
-37 1548774144 75548 0.905590 
-39 1548774144 95564 0.905582 
-39 1548774144 115635 0.905587 
-37 1548774144 135679 0.905591 
-39 1548774144 155698 0.905587 
-33 1548774144 175747 0.905594 
-37 1548774144 195810 0.905590 
-39 1548774144 215840 0.905593 
-39 1548774144 235901 0.905599 
-33 1548774144 255903 0.905593 
-37 1548774144 275977 0.905594 
-35 1548774144 295993 0.905597 
-37 1548774144 316057 0.905599 
-37 1548774144 336039 0.905594 
-37 1548774144 356104 0.905596 
-37 1548774144 376121 0.905597 
-39 1548774144 396189 0.905603 
-37 1548774144 416227 0.905603 
-39 1548774144 436229 0.905607 
-37 1548774144 456282 0.905603 
-35 1548774144 476385 0.905605 
-33 1548774144 496375 0.905598 
-35 1548774144 516388 0.905610 
-33 1548774144 536479 0.905593 
-39 1548774144 556510 0.905615 
-37 1548774144 576539 0.905602 
-37 1548774144 596591 0.905615 
-41 1548774144 616617 0.905608 
-33 1548774144 636608 0.905616 
-33 1548774144 656700 0.905613 
-35 1548774144 676687 0.905623 
-43 1548774144 696784 0.905605 
-41 1548774144 716789 0.905612 
-37 1548774144 736838 0.905616 
-39 1548774144 756847 0.905625 
-41 1548774144 776901 0.905621 
-35 1548774144 796924 0.905619 
-39 1548774144 817035 0.905619 
-35 1548774144 837039 0.905623 
-41 1548774144 857055 0.905629 
-37 1548774144 877104 0.905624 
-41 1548774144 897162 0.905626 
-41 1548774144 917156 0.905629 
-37 1548774144 937229 0.905623 
-33 1548774144 957232 0.905637 
-41 1548774144 977297 0.905625 
-39 1548774144 997302 0.905630 
-39 1548774145 17397 0.905626 
-37 1548774145 37411 0.905636 
-41 1548774145 57483 0.905638 
-43 1548774145 77446 0.905636 
-43 1548774145 97525 0.905631 
-37 1548774145 117572 0.905638 
-39 1548774145 137561 0.905637 
-41 1548774145 157608 0.905641 
-37 1548774145 177678 0.905638 
-41 1548774145 197715 0.905648 
-35 1548774145 217733 0.905649 
-41 1548774145 237807 0.905640 
-39 1548774145 257843 0.905638 
-39 1548774145 277875 0.905656 
-39 1548774145 297878 0.905642 
-37 1548774145 317905 0.905656 
-39 1548774145 338008 0.905651 
-45 1548774145 358040 0.905646 
-39 1548774145 378064 0.905649 
-35 1548774145 398052 0.905657 
-39 1548774145 418106 0.905651 
-39 1548774145 438185 0.905648 
-39 1548774145 458181 0.905658 
-39 1548774145 478240 0.905656 
-41 1548774145 498262 0.905663 
-41 1548774145 518337 0.905660 
-37 1548774145 538356 0.905668 
-41 1548774145 558418 0.905659 
-41 1548774145 578451 0.905664 
-43 1548774145 598483 0.905658 
-41 1548774145 618478 0.905658 
-41 1548774145 638545 0.905654 
-43 1548774145 658592 0.905671 
-37 1548774145 678606 0.905654 
-41 1548774145 698684 0.905673 
-43 1548774145 718700 0.905657 
-41 1548774145 738750 0.905674 
-43 1548774145 758796 0.905673 
-41 1548774145 778846 0.905682 
-39 1548774145 798864 0.905673 
-45 1548774145 818878 0.905675 
-43 1548774145 838906 0.905677 
-39 1548774145 858992 0.905682 
-41 1548774145 879035 0.905679 
-41 1548774145 899030 0.905673 
-41 1548774145 919091 0.905675 
-43 1548774145 939106 0.905675 
-43 1548774145 959165 0.905676 
-41 1548774145 979171 0.905680 
-41 1548774145 999231 0.905692 
-37 1548774146 19268 0.905681 
-41 1548774146 39300 0.905682 
-37 1548774146 59343 0.905685 
-39 1548774146 79368 0.905682 
-41 1548774146 99403 0.905699 
-43 1548774146 119473 0.905679 
-45 1548774146 139479 0.905686 
-41 1548774146 159576 0.905687 
-41 1548774146 179567 0.905691 
-39 1548774146 199648 0.905690 
-43 1548774146 219635 0.905690 
-41 1548774146 239668 0.905695 
-39 1548774146 259723 0.905691 
-41 1548774146 279753 0.905691 
-41 1548774146 299822 0.905710 
-39 1548774146 319838 0.905695 
-41 1548774146 339867 0.905702 
-41 1548774146 359904 0.905698 
-39 1548774146 380030 0.905712 
-39 1548774146 400043 0.905706 
-41 1548774146 420058 0.905707 
-41 1548774146 440066 0.905698 
-41 1548774146 460120 0.905704 
-41 1548774146 480160 0.905703 
-43 1548774146 500186 0.905709 
-41 1548774146 520243 0.905715 
-43 1548774146 540242 0.905717 
-37 1548774146 560301 0.905699 
-41 1548774146 580340 0.905717 
-41 1548774146 600365 0.905704 
-39 1548774146 620408 0.905714 
-41 1548774146 640452 0.905710 
-41 1548774146 660518 0.905729 
-39 1548774146 680541 0.905698 
-43 1548774146 700548 0.905723 
-43 1548774146 720589 0.905718 
-41 1548774146 740669 0.905725 
-39 1548774146 760705 0.905724 
-41 1548774146 780743 0.905723 
-43 1548774146 800764 0.905721 
-41 1548774146 820766 0.905732 
-47 1548774146 840828 0.905720 
-37 1548774146 860884 0.905726 
-41 1548774146 880924 0.905725 
-37 1548774146 900982 0.905737 
-41 1548774146 921000 0.905728 
-41 1548774146 941043 0.905728 
-39 1548774146 961059 0.905728 
-41 1548774146 981124 0.905739 
-41 1548774147 1121 0.905725 
-37 1548774147 21162 0.905730 
-35 1548774147 41186 0.905725 
-35 1548774147 61275 0.905729 
-37 1548774147 81310 0.905729 
-41 1548774147 101308 0.905745 
-41 1548774147 121343 0.905740 
-37 1548774147 141368 0.905740 
-41 1548774147 161468 0.905746 
-35 1548774147 181504 0.905741 
-43 1548774147 201529 0.905746 
-41 1548774147 221544 0.905754 
-39 1548774147 241609 0.905745 
-39 1548774147 261608 0.905748 
-39 1548774147 281672 0.905741 
-35 1548774147 301705 0.905746 
-39 1548774147 321714 0.905762 
-39 1548774147 341741 0.905746 
-43 1548774147 361804 0.905754 
-37 1548774147 381859 0.905751 
-41 1548774147 401921 0.905750 
-39 1548774147 421936 0.905758 
-37 1548774147 442001 0.905756 
-39 1548774147 461999 0.905760 
-37 1548774147 482068 0.905752 
-39 1548774147 502063 0.905759 
-39 1548774147 522109 0.905767 
-39 1548774147 542159 0.905757 
-39 1548774147 562180 0.905771 
-41 1548774147 582222 0.905751 
-37 1548774147 602251 0.905767 
-39 1548774147 622294 0.905769 
-41 1548774147 642342 0.905762 
-37 1548774147 662399 0.905773 
-41 1548774147 682429 0.905770 
-41 1548774147 702464 0.905770 
-41 1548774147 722488 0.905763 
-37 1548774147 742520 0.905764 
-35 1548774147 762569 0.905773 
-41 1548774147 782593 0.905779 
-37 1548774147 802671 0.905770 
-39 1548774147 822671 0.905774 
-39 1548774147 842757 0.905784 
-37 1548774147 862799 0.905780 
-39 1548774147 882799 0.905775 
-39 1548774147 902837 0.905780 
-35 1548774147 922899 0.905779 
-37 1548774147 942936 0.905776 
-37 1548774147 962983 0.905775 
-41 1548774147 983044 0.905776 
-37 1548774148 3060 0.905796 
-29 1548774148 23064 0.905773 
-35 1548774148 43106 0.905790 
-39 1548774148 63127 0.905776 
-35 1548774148 83187 0.905786 
-41 1548774148 103232 0.905787 
-35 1548774148 123274 0.905795 
-33 1548774148 143281 0.905781 
-37 1548774148 163362 0.905790 
-37 1548774148 183392 0.905786 
-33 1548774148 203460 0.905802 
-35 1548774148 223452 0.905787 
-37 1548774148 243526 0.905809 
-37 1548774148 263576 0.905793 
-35 1548774148 283575 0.905804 
-37 1548774148 303638 0.905793 
-31 1548774148 323636 0.905796 
-35 1548774148 343674 0.905800 
-37 1548774148 363736 0.905811 
-37 1548774148 383752 0.905792 
-35 1548774148 403847 0.905812 
-35 1548774148 423836 0.905813 
-33 1548774148 443869 0.905812 
-37 1548774148 463909 0.905804 
-37 1548774148 483984 0.905807 
-35 1548774148 504003 0.905804 
-37 1548774148 524059 0.905812 
-37 1548774148 544106 0.905812 
-35 1548774148 564127 0.905812 
-33 1548774148 584188 0.905812 
-31 1548774148 604235 0.905812 
-37 1548774148 624223 0.905807 
-33 1548774148 644313 0.905826 
-31 1548774148 664304 0.905814 
-39 1548774148 684409 0.905809 
-37 1548774148 704396 0.905807 
-37 1548774148 724450 0.905828 
-37 1548774148 744482 0.905813 
-37 1548774148 764547 0.905834 
-39 1548774148 784553 0.905814 
-35 1548774148 804627 0.905819 
-35 1548774148 824611 0.905818 
-33 1548774148 844667 0.905826 
-37 1548774148 864736 0.905829 
-37 1548774148 884760 0.905823 
-37 1548774148 904787 0.905829 
-35 1548774148 924857 0.905837 
-39 1548774148 944848 0.905831 
-41 1548774148 964903 0.905828 
-35 1548774148 984984 0.905831 
-39 1548774149 5000 0.905836 
-39 1548774149 25021 0.905834 
-37 1548774149 45095 0.905840 
-33 1548774149 65107 0.905825 
-37 1548774149 85165 0.905835 
-37 1548774149 105190 0.905835 
-35 1548774149 125213 0.905840 
-35 1548774149 145248 0.905858 
-37 1548774149 165308 0.905835 
-37 1548774149 185370 0.905844 
-33 1548774149 205363 0.905844 
-35 1548774149 225409 0.905845 
-31 1548774149 245420 0.905850 
-39 1548774149 265474 0.905840 
-35 1548774149 285505 0.905856 
-37 1548774149 305561 0.905842 
-37 1548774149 325597 0.905845 
-33 1548774149 345660 0.905851 
-39 1548774149 365706 0.905852 
-33 1548774149 385698 0.905858 
-37 1548774149 405745 0.905852 
-35 1548774149 425792 0.905857 
-37 1548774149 445848 0.905858 
-39 1548774149 465885 0.905846 
-35 1548774149 485900 0.905848 
-39 1548774149 505987 0.905857 
-37 1548774149 526041 0.905862 
-35 1548774149 546048 0.905858 
-37 1548774149 566053 0.905856 
-37 1548774149 586095 0.905859 
-31 1548774149 606169 0.905861 
-37 1548774149 626177 0.905867 
-35 1548774149 646238 0.905873 
-35 1548774149 666251 0.905867 
-35 1548774149 686281 0.905864 
-35 1548774149 706306 0.905868 
-33 1548774149 726376 0.905869 
-35 1548774149 746404 0.905868 
-37 1548774149 766451 0.905875 
-39 1548774149 786467 0.905868 
-33 1548774149 806520 0.905869 
-37 1548774149 826553 0.905876 
-39 1548774149 846629 0.905876 
-37 1548774149 866659 0.905880 
-35 1548774149 886647 0.905881 
-37 1548774149 906693 0.905883 
-33 1548774149 926761 0.905873 
-37 1548774149 946810 0.905896 
-35 1548774149 966808 0.905875 
-39 1548774149 986846 0.905874 
-39 1548774150 6879 0.905878 
-39 1548774150 26927 0.905884 
-37 1548774150 47006 0.905885 
-37 1548774150 67036 0.905879 
-39 1548774150 87048 0.905875 
-41 1548774150 107113 0.905889 
-37 1548774150 127114 0.905885 
-35 1548774150 147177 0.905881 
-37 1548774150 167191 0.905892 
-37 1548774150 187217 0.905900 
-37 1548774150 207316 0.905889 
-35 1548774150 227318 0.905892 
-39 1548774150 247396 0.905896 
-35 1548774150 267397 0.905914 
-39 1548774150 287409 0.905902 
-31 1548774150 307460 0.905905 
-35 1548774150 327526 0.905894 
-35 1548774150 347556 0.905902 
-35 1548774150 367561 0.905901 
-39 1548774150 387629 0.905905 
-37 1548774150 407659 0.905897 
-41 1548774150 427693 0.905906 
-37 1548774150 447754 0.905898 
-37 1548774150 467779 0.905911 
-41 1548774150 487845 0.905922 
-37 1548774150 507871 0.905901 
-37 1548774150 527927 0.905908 
-37 1548774150 547934 0.905903 
-33 1548774150 567991 0.905902 
-41 1548774150 588022 0.905914 
-41 1548774150 608023 0.905908 
-37 1548774150 628069 0.905919 
-41 1548774150 648130 0.905905 
-37 1548774150 668130 0.905912 
-37 1548774150 688191 0.905917 
-39 1548774150 708244 0.905930 
-37 1548774150 728268 0.905906 
-39 1548774150 748292 0.905920 
-37 1548774150 768365 0.905912 
-37 1548774150 788404 0.905931 
-41 1548774150 808426 0.905922 
-35 1548774150 828494 0.905930 
-41 1548774150 848519 0.905925 
-37 1548774150 868519 0.905928 
-43 1548774150 888584 0.905923 
-35 1548774150 908608 0.905935 
-39 1548774150 928675 0.905920 
-41 1548774150 948693 0.905933 
-37 1548774150 968760 0.905929 
-39 1548774150 988768 0.905929 
-43 1548774151 8837 0.905939 
-39 1548774151 28826 0.905934 
-41 1548774151 48866 0.905939 
-41 1548774151 68905 0.905936 
-39 1548774151 89007 0.905920 
-41 1548774151 109047 0.905951 
-41 1548774151 129063 0.905940 
-39 1548774151 149068 0.905945 
-37 1548774151 169091 0.905930 
-39 1548774151 189215 0.905947 
-39 1548774151 209161 0.905944 
-37 1548774151 229228 0.905941 
-37 1548774151 249280 0.905945 
-41 1548774151 269301 0.905955 
-43 1548774151 289337 0.905945 
-33 1548774151 309365 0.905957 
-39 1548774151 329383 0.905947 
-39 1548774151 349422 0.905951 
-41 1548774151 369503 0.905959 
-37 1548774151 389521 0.905953 
-41 1548774151 409587 0.905950 
-43 1548774151 429631 0.905952 
-41 1548774151 449650 0.905957 
-41 1548774151 469682 0.905944 
-41 1548774151 489683 0.905956 
-43 1548774151 509733 0.905959 
-41 1548774151 529774 0.905957 
-41 1548774151 549836 0.905968 
-41 1548774151 569881 0.905961 
-41 1548774151 589913 0.905969 
-41 1548774151 609905 0.905962 
-43 1548774151 630008 0.905955 
-39 1548774151 650005 0.905967 
-39 1548774151 670050 0.905970 
-41 1548774151 690066 0.905961 
-41 1548774151 710133 0.905967 
-41 1548774151 730189 0.905962 
-39 1548774151 750195 0.905963 
-41 1548774151 770251 0.905972 
-39 1548774151 790257 0.905978 
-41 1548774151 810326 0.905970 
-39 1548774151 830382 0.905972 
-37 1548774151 850382 0.905979 
-41 1548774151 870427 0.905972 
-41 1548774151 890502 0.905981 
-41 1548774151 910538 0.905978 
-43 1548774151 930522 0.905978 
-41 1548774151 950602 0.905979 
-41 1548774151 970604 0.905981 
-43 1548774151 990640 0.905979 
-39 1548774152 10699 0.905979 
-41 1548774152 30765 0.905981 
-39 1548774152 50748 0.905984 
-39 1548774152 70812 0.905983 
-39 1548774152 90836 0.905992 
-39 1548774152 110883 0.905986 
-37 1548774152 130920 0.905986 
-45 1548774152 150944 0.905989 
-43 1548774152 170999 0.905995 
-41 1548774152 191070 0.905989 
-37 1548774152 211066 0.906003 
-39 1548774152 231100 0.905984 
-41 1548774152 251178 0.906002 
-39 1548774152 271188 0.905995 
-43 1548774152 291234 0.905995 
-41 1548774152 311297 0.905995 
-39 1548774152 331320 0.905995 
-39 1548774152 351339 0.906003 
-37 1548774152 371364 0.905996 
-41 1548774152 391406 0.905999 
-43 1548774152 411461 0.906006 
-43 1548774152 431488 0.906006 
-39 1548774152 451536 0.906012 
-41 1548774152 471554 0.906012 
-41 1548774152 491618 0.906003 
-41 1548774152 511628 0.906013 
-45 1548774152 531681 0.906010 
-39 1548774152 551703 0.906006 
-37 1548774152 571750 0.906012 
-43 1548774152 591760 0.906014 
-43 1548774152 611817 0.906016 
-35 1548774152 631906 0.906011 
-43 1548774152 651926 0.906011 
-39 1548774152 671944 0.906017 
-41 1548774152 692041 0.906021 
-39 1548774152 712043 0.906017 
-39 1548774152 732071 0.906017 
-41 1548774152 752120 0.906019 
-37 1548774152 772117 0.906030 
-41 1548774152 792162 0.906016 
-39 1548774152 812227 0.906028 
-41 1548774152 832262 0.906024 
-39 1548774152 852310 0.906028 
-37 1548774152 872353 0.906018 
-39 1548774152 892344 0.906025 
-39 1548774152 912391 0.906023 
-37 1548774152 932424 0.906041 
-39 1548774152 952497 0.906036 
-39 1548774152 972525 0.906040 
-35 1548774152 992560 0.906035 
-39 1548774153 12579 0.906034 
-45 1548774153 32646 0.906029 
-39 1548774153 52650 0.906045 
-41 1548774153 72728 0.906031 
-37 1548774153 92768 0.906036 
-39 1548774153 112779 0.906045 
-43 1548774153 132803 0.906050 
-39 1548774153 152874 0.906045 
-45 1548774153 172887 0.906031 
-39 1548774153 192992 0.906035 
-41 1548774153 213011 0.906040 
-41 1548774153 233011 0.906038 
-39 1548774153 253102 0.906046 
-41 1548774153 273124 0.906034 
-39 1548774153 293135 0.906055 
-43 1548774153 313156 0.906049 
-35 1548774153 333196 0.906047 
-41 1548774153 353243 0.906045 
-39 1548774153 373256 0.906045 
-37 1548774153 393333 0.906051 
-37 1548774153 413369 0.906053 
-37 1548774153 433385 0.906050 
-35 1548774153 453422 0.906062 
-39 1548774153 473483 0.906052 
-37 1548774153 493484 0.906055 
-37 1548774153 513564 0.906056 
-35 1548774153 533556 0.906058 
-39 1548774153 553623 0.906057 
-37 1548774153 573662 0.906056 
-35 1548774153 593691 0.906058 
-37 1548774153 613731 0.906058 
-35 1548774153 633763 0.906066 
-37 1548774153 653826 0.906069 
-33 1548774153 673855 0.906073 
-37 1548774153 693894 0.906063 
-37 1548774153 713940 0.906067 
-35 1548774153 734018 0.906068 
-41 1548774153 754051 0.906077 
-39 1548774153 774043 0.906080 
-35 1548774153 794072 0.906069 
-35 1548774153 814100 0.906080 
-37 1548774153 834135 0.906069 
-37 1548774153 854182 0.906073 
-37 1548774153 874227 0.906073 
-35 1548774153 894288 0.906080 
-39 1548774153 914321 0.906078 
-37 1548774153 934367 0.906073 
-33 1548774153 954406 0.906082 
-39 1548774153 974426 0.906088 
-37 1548774153 994496 0.906085 
-35 1548774154 14492 0.906089 
-37 1548774154 34550 0.906094 
-39 1548774154 54557 0.906083 
-35 1548774154 74590 0.906083 
-33 1548774154 94649 0.906077 
-33 1548774154 114660 0.906094 
-33 1548774154 134715 0.906088 
-33 1548774154 154753 0.906097 
-33 1548774154 174799 0.906080 
-35 1548774154 194805 0.906091 
-33 1548774154 214851 0.906100 
-35 1548774154 234904 0.906097 
-35 1548774154 254931 0.906095 
-39 1548774154 275012 0.906095 
-37 1548774154 295009 0.906096 
-37 1548774154 315056 0.906095 
-37 1548774154 335116 0.906104 
-37 1548774154 355136 0.906104 
-39 1548774154 375175 0.906091 
-37 1548774154 395185 0.906100 
-35 1548774154 415274 0.906104 
-37 1548774154 435317 0.906108 
-35 1548774154 455306 0.906110 
-37 1548774154 475386 0.906116 
-39 1548774154 495407 0.906105 
-33 1548774154 515433 0.906107 
-35 1548774154 535448 0.906110 
-35 1548774154 555486 0.906113 
-39 1548774154 575548 0.906102 
-37 1548774154 595614 0.906117 
-35 1548774154 615604 0.906112 
-35 1548774154 635655 0.906123 
-33 1548774154 655697 0.906106 
-37 1548774154 675716 0.906119 
-35 1548774154 695740 0.906119 
-37 1548774154 715824 0.906117 
-37 1548774154 735824 0.906115 
-35 1548774154 755877 0.906119 
-35 1548774154 775925 0.906125 
-35 1548774154 795994 0.906138 
-37 1548774154 816044 0.906127 
-37 1548774154 836013 0.906122 
-39 1548774154 856053 0.906119 
-35 1548774154 876157 0.906132 
-35 1548774154 896128 0.906124 
-39 1548774154 916199 0.906129 
-33 1548774154 936211 0.906136 
-35 1548774154 956273 0.906127 
-35 1548774154 976330 0.906133 
-37 1548774154 996313 0.906134 
-39 1548774155 16388 0.906128 
-35 1548774155 36421 0.906135 
-41 1548774155 56426 0.906130 
-39 1548774155 76508 0.906139 
-39 1548774155 96509 0.906132 
-37 1548774155 116542 0.906136 
-37 1548774155 136593 0.906136 
-39 1548774155 156621 0.906144 
-35 1548774155 176684 0.906141 
-37 1548774155 196699 0.906141 
-35 1548774155 216762 0.906149 
-35 1548774155 236824 0.906149 
-37 1548774155 256851 0.906144 
-39 1548774155 276879 0.906149 
-37 1548774155 296933 0.906143 
-41 1548774155 316992 0.906150 
-41 1548774155 337015 0.906158 
-39 1548774155 357057 0.906154 
-39 1548774155 377049 0.906150 
-37 1548774155 397138 0.906158 
-37 1548774155 417118 0.906157 
-37 1548774155 437183 0.906151 
-33 1548774155 457239 0.906154 
-41 1548774155 477286 0.906156 
-35 1548774155 497264 0.906162 
-41 1548774155 517309 0.906163 
-39 1548774155 537357 0.906155 
-37 1548774155 557388 0.906158 
-37 1548774155 577458 0.906158 
-37 1548774155 597453 0.906163 
-37 1548774155 617494 0.906167 
-41 1548774155 637534 0.906165 
-37 1548774155 657613 0.906163 
-39 1548774155 677616 0.906156 
-41 1548774155 697657 0.906169 
-37 1548774155 717706 0.906167 
-37 1548774155 737760 0.906167 
-39 1548774155 757770 0.906168 
-37 1548774155 777828 0.906167 
-37 1548774155 797849 0.906172 
-35 1548774155 817877 0.906166 
-33 1548774155 837935 0.906172 
-35 1548774155 857945 0.906179 
-35 1548774155 878017 0.906176 
-37 1548774155 898015 0.906173 
-37 1548774155 918048 0.906182 
-35 1548774155 938112 0.906179 
-43 1548774155 958138 0.906180 
-41 1548774155 978197 0.906179 
-39 1548774155 998202 0.906177 
-39 1548774156 18254 0.906185 
-39 1548774156 38285 0.906184 
-39 1548774156 58374 0.906195 
-41 1548774156 78398 0.906187 
-41 1548774156 98435 0.906193 
-39 1548774156 118477 0.906185 
-39 1548774156 138488 0.906183 
-39 1548774156 158559 0.906189 
-39 1548774156 178579 0.906193 
-39 1548774156 198585 0.906195 
-35 1548774156 218629 0.906208 
-37 1548774156 238711 0.906194 
-39 1548774156 258732 0.906189 
-35 1548774156 278738 0.906198 
-39 1548774156 298768 0.906193 
-37 1548774156 318851 0.906196 
-43 1548774156 338845 0.906199 
-37 1548774156 358922 0.906202 
-37 1548774156 378997 0.906201 
-39 1548774156 398997 0.906202 
-43 1548774156 419056 0.906208 
-37 1548774156 439076 0.906202 
-39 1548774156 459075 0.906199 
-39 1548774156 479139 0.906199 
-39 1548774156 499186 0.906204 
-35 1548774156 519185 0.906212 
-37 1548774156 539245 0.906207 
-37 1548774156 559300 0.906204 
-39 1548774156 579402 0.906215 
-39 1548774156 599374 0.906206 
-37 1548774156 619421 0.906213 
-37 1548774156 639426 0.906213 
-39 1548774156 659477 0.906219 
-41 1548774156 679497 0.906208 
-39 1548774156 699545 0.906206 
-39 1548774156 719568 0.906221 
-41 1548774156 739607 0.906222 
-39 1548774156 759687 0.906221 
-41 1548774156 779737 0.906224 
-41 1548774156 799733 0.906210 
-41 1548774156 819796 0.906226 
-39 1548774156 839823 0.906229 
-41 1548774156 859853 0.906229 
-37 1548774156 879858 0.906226 
-35 1548774156 899951 0.906221 
-41 1548774156 919942 0.906232 
-39 1548774156 940076 0.906228 
-41 1548774156 960060 0.906227 
-37 1548774156 980056 0.906237 
-39 1548774157 108 0.906229 
-41 1548774157 20183 0.906234 
-41 1548774157 40189 0.906238 
-39 1548774157 60262 0.906229 
-43 1548774157 80252 0.906243 
-41 1548774157 100291 0.906244 
-39 1548774157 120328 0.906233 
-41 1548774157 140381 0.906235 
-37 1548774157 160429 0.906240 
-37 1548774157 180472 0.906238 
-39 1548774157 200489 0.906244 
-35 1548774157 220523 0.906241 
-41 1548774157 240570 0.906239 
-41 1548774157 260651 0.906246 
-37 1548774157 280648 0.906237 
-37 1548774157 300702 0.906252 
-39 1548774157 320726 0.906245 
-41 1548774157 340758 0.906246 
-37 1548774157 360829 0.906267 
-41 1548774157 380875 0.906255 
-39 1548774157 400864 0.906261 
-43 1548774157 420923 0.906257 
-41 1548774157 441019 0.906254 
-41 1548774157 461050 0.906259 
-39 1548774157 481017 0.906256 
-41 1548774157 501062 0.906271 
-41 1548774157 521126 0.906262 
-39 1548774157 541141 0.906265 
-39 1548774157 561187 0.906263 
-45 1548774157 581266 0.906261 
-41 1548774157 601267 0.906265 
-39 1548774157 621317 0.906260 
-39 1548774157 641367 0.906270 
-39 1548774157 661409 0.906261 
-39 1548774157 681456 0.906271 
-41 1548774157 701481 0.906262 
-39 1548774157 721520 0.906266 
-39 1548774157 741551 0.906272 
-39 1548774157 761608 0.906268 
-39 1548774157 781587 0.906256 
-37 1548774157 801661 0.906272 
-41 1548774157 821684 0.906283 
-35 1548774157 841706 0.906281 
-39 1548774157 861772 0.906271 
-37 1548774157 881791 0.906281 
-35 1548774157 901846 0.906284 
-39 1548774157 921869 0.906274 
-35 1548774157 941944 0.906274 
-37 1548774157 962018 0.906282 
-43 1548774157 982008 0.906270 
-37 1548774158 2060 0.906287 
-35 1548774158 22060 0.906283 
-39 1548774158 42122 0.906287 
-39 1548774158 62178 0.906283 
-41 1548774158 82225 0.906282 
-39 1548774158 102252 0.906287 
-39 1548774158 122291 0.906290 
-37 1548774158 142320 0.906289 
-39 1548774158 162381 0.906288 
-41 1548774158 182377 0.906290 
-41 1548774158 202440 0.906293 
-39 1548774158 222441 0.906292 
-41 1548774158 242527 0.906299 
-39 1548774158 262538 0.906299 
-39 1548774158 282562 0.906301 
-37 1548774158 302606 0.906304 
-37 1548774158 322676 0.906300 
-33 1548774158 342706 0.906299 
-37 1548774158 362725 0.906302 
-33 1548774158 382789 0.906313 
-39 1548774158 402794 0.906309 
-37 1548774158 422888 0.906298 
-35 1548774158 442906 0.906306 
-37 1548774158 462909 0.906304 
-37 1548774158 482998 0.906305 
-37 1548774158 503062 0.906302 
-37 1548774158 523063 0.906310 
-39 1548774158 543084 0.906304 
-37 1548774158 563144 0.906311 
-37 1548774158 583184 0.906321 
-37 1548774158 603190 0.906310 
-37 1548774158 623249 0.906309 
-37 1548774158 643253 0.906322 
-39 1548774158 663332 0.906316 
-41 1548774158 683375 0.906318 
-39 1548774158 703399 0.906320 
-39 1548774158 723449 0.906317 
-37 1548774158 743471 0.906311 
-39 1548774158 763485 0.906322 
-37 1548774158 783569 0.906320 
-39 1548774158 803584 0.906321 
-37 1548774158 823674 0.906318 
-37 1548774158 843658 0.906331 
-39 1548774158 863733 0.906321 
-37 1548774158 883732 0.906337 
-35 1548774158 903755 0.906322 
-37 1548774158 923803 0.906324 
-37 1548774158 943849 0.906331 
-41 1548774158 963905 0.906339 
-37 1548774158 983894 0.906333 
-37 1548774159 4001 0.906332 
-37 1548774159 24020 0.906345 
-41 1548774159 44069 0.906333 
-35 1548774159 64072 0.906337 
-37 1548774159 84112 0.906334 
-37 1548774159 104145 0.906337 
-37 1548774159 124203 0.906340 
-37 1548774159 144253 0.906338 
-33 1548774159 164270 0.906346 
-35 1548774159 184303 0.906348 
-35 1548774159 204319 0.906349 
-37 1548774159 224391 0.906340 
-39 1548774159 244412 0.906356 
-39 1548774159 264430 0.906346 
-37 1548774159 284459 0.906348 
-37 1548774159 304504 0.906345 
-33 1548774159 324537 0.906360 
-37 1548774159 344600 0.906354 
-37 1548774159 364604 0.906345 
-35 1548774159 384651 0.906355 
-33 1548774159 404679 0.906357 
-35 1548774159 424738 0.906362 
-37 1548774159 444779 0.906354 
-37 1548774159 464823 0.906359 
-37 1548774159 484864 0.906345 
-37 1548774159 504865 0.906350 
-37 1548774159 524933 0.906350 
-33 1548774159 545018 0.906364 
-39 1548774159 565021 0.906366 
-37 1548774159 585061 0.906360 
-35 1548774159 605078 0.906359 
-41 1548774159 625129 0.906371 
-33 1548774159 645191 0.906372 
-37 1548774159 665206 0.906367 
-37 1548774159 685270 0.906357 
-39 1548774159 705306 0.906371 
-35 1548774159 725319 0.906368 
-33 1548774159 745364 0.906378 
-37 1548774159 765400 0.906375 
-35 1548774159 785492 0.906377 
-33 1548774159 805525 0.906365 
-33 1548774159 825530 0.906379 
-35 1548774159 845586 0.906378 
-31 1548774159 865581 0.906375 
-37 1548774159 885629 0.906377 
-33 1548774159 905655 0.906371 
-35 1548774159 925738 0.906379 
-31 1548774159 945770 0.906373 
-33 1548774159 965788 0.906370 
-33 1548774159 985806 0.906390 
-35 1548774160 5901 0.906388 
-33 1548774160 25911 0.906390 
-31 1548774160 45929 0.906385 
-35 1548774160 66019 0.906384 
-31 1548774160 86053 0.906387 
-35 1548774160 106064 0.906400 
-33 1548774160 126092 0.906377 
-33 1548774160 146124 0.906404 
-35 1548774160 166208 0.906385 
-33 1548774160 186191 0.906394 
-37 1548774160 206270 0.906389 
-35 1548774160 226321 0.906393 
-33 1548774160 246326 0.906392 
-35 1548774160 266393 0.906395 
-35 1548774160 286438 0.906400 
-37 1548774160 306437 0.906392 
-33 1548774160 326483 0.906395 
-33 1548774160 346520 0.906399 
-37 1548774160 366565 0.906396 
-33 1548774160 386612 0.906403 
-35 1548774160 406640 0.906394 
-35 1548774160 426707 0.906405 
-35 1548774160 446737 0.906404 
-37 1548774160 466747 0.906407 
-35 1548774160 486795 0.906412 
-31 1548774160 506841 0.906407 
-37 1548774160 526896 0.906415 
-33 1548774160 546884 0.906405 
-35 1548774160 566947 0.906414 
-33 1548774160 587007 0.906411 
-31 1548774160 607007 0.906417 
-33 1548774160 627065 0.906414 
-35 1548774160 647112 0.906421 
-33 1548774160 667131 0.906409 
-33 1548774160 687188 0.906417 
-37 1548774160 707207 0.906416 
-37 1548774160 727271 0.906422 
-39 1548774160 747310 0.906420 
-35 1548774160 767333 0.906417 
-33 1548774160 787375 0.906425 
-33 1548774160 807415 0.906421 
-35 1548774160 827478 0.906420 
-37 1548774160 847525 0.906423 
-35 1548774160 867559 0.906422 
-35 1548774160 887592 0.906423 
-35 1548774160 907633 0.906427 
-35 1548774160 927684 0.906434 
-33 1548774160 947675 0.906433 
-41 1548774160 967724 0.906432 
-35 1548774160 987782 0.906431 
-37 1548774161 7834 0.906439 
-37 1548774161 27864 0.906432 
-35 1548774161 47860 0.906433 
-39 1548774161 67944 0.906438 
-35 1548774161 87943 0.906443 
-33 1548774161 108020 0.906432 
-37 1548774161 128024 0.906436 
-33 1548774161 148066 0.906437 
-33 1548774161 168131 0.906448 
-33 1548774161 188126 0.906437 
-35 1548774161 208185 0.906447 
-35 1548774161 228208 0.906448 
-39 1548774161 248249 0.906444 
-33 1548774161 268336 0.906448 
-35 1548774161 288335 0.906444 
-35 1548774161 308386 0.906447 
-35 1548774161 328440 0.906461 
-37 1548774161 348451 0.906448 
-37 1548774161 368466 0.906445 
-39 1548774161 388555 0.906453 
-37 1548774161 408589 0.906450 
-35 1548774161 428620 0.906447 
-39 1548774161 448663 0.906464 
-33 1548774161 468706 0.906458 
-37 1548774161 488756 0.906460 
-37 1548774161 508788 0.906461 
-37 1548774161 528797 0.906462 
-35 1548774161 548863 0.906455 
-35 1548774161 568865 0.906461 
-35 1548774161 588903 0.906467 
-39 1548774161 608950 0.906467 
-35 1548774161 629009 0.906470 
-39 1548774161 649021 0.906470 
-39 1548774161 669061 0.906454 
-35 1548774161 689127 0.906466 
-39 1548774161 709131 0.906464 
-33 1548774161 729199 0.906465 
-37 1548774161 749195 0.906475 
-41 1548774161 769235 0.906471 
-39 1548774161 789313 0.906469 
-39 1548774161 809324 0.906479 
-35 1548774161 829390 0.906475 
-39 1548774161 849403 0.906482 
-41 1548774161 869450 0.906477 
-43 1548774161 889472 0.906481 
-35 1548774161 909514 0.906486 
-37 1548774161 929546 0.906477 
-41 1548774161 949588 0.906478 
-37 1548774161 969632 0.906494 
-39 1548774161 989668 0.906478 
-39 1548774162 9724 0.906490 
-35 1548774162 29774 0.906484 
-37 1548774162 49761 0.906486 
-35 1548774162 69845 0.906481 
-37 1548774162 89867 0.906493 
-35 1548774162 109918 0.906490 
-35 1548774162 129927 0.906479 
-37 1548774162 150025 0.906488 
-35 1548774162 170067 0.906499 
-37 1548774162 190067 0.906481 
-33 1548774162 210069 0.906493 
-41 1548774162 230137 0.906489 
-37 1548774162 250175 0.906499 
-39 1548774162 270211 0.906498 
-35 1548774162 290238 0.906499 
-39 1548774162 310266 0.906498 
-33 1548774162 330306 0.906498 
-37 1548774162 350364 0.906495 
-39 1548774162 370398 0.906501 
-39 1548774162 390504 0.906493 
-39 1548774162 410467 0.906503 
-39 1548774162 430481 0.906505 
-39 1548774162 450508 0.906514 
-39 1548774162 470568 0.906499 
-37 1548774162 490611 0.906519 
-39 1548774162 510662 0.906490 
-41 1548774162 530675 0.906509 
-39 1548774162 550680 0.906509 
-37 1548774162 570759 0.906511 
-43 1548774162 590754 0.906516 
-39 1548774162 610790 0.906515 
-41 1548774162 630841 0.906505 
-39 1548774162 650887 0.906514 
-37 1548774162 670908 0.906515 
-41 1548774162 690966 0.906509 
-41 1548774162 711069 0.906517 
-43 1548774162 731068 0.906521 
-37 1548774162 751111 0.906520 
-39 1548774162 771117 0.906525 
-39 1548774162 791174 0.906521 
-37 1548774162 811202 0.906517 
-37 1548774162 831264 0.906526 
-41 1548774162 851275 0.906523 
-43 1548774162 871327 0.906532 
-35 1548774162 891341 0.906523 
-41 1548774162 911404 0.906536 
-41 1548774162 931436 0.906533 
-37 1548774162 951491 0.906530 
-39 1548774162 971540 0.906536 
-35 1548774162 991534 0.906532 
-41 1548774163 11601 0.906542 
-37 1548774163 31629 0.906525 
-37 1548774163 51704 0.906541 
-39 1548774163 71703 0.906534 
-39 1548774163 91759 0.906536 
-41 1548774163 111781 0.906534 
-39 1548774163 131813 0.906537 
-39 1548774163 151859 0.906539 
-39 1548774163 171911 0.906537 
-41 1548774163 191919 0.906537 
-43 1548774163 212008 0.906534 
-41 1548774163 232064 0.906550 
-39 1548774163 252066 0.906542 
-39 1548774163 272124 0.906549 
-37 1548774163 292149 0.906553 
-41 1548774163 312153 0.906558 
-39 1548774163 332208 0.906544 
-41 1548774163 352269 0.906542 
-39 1548774163 372308 0.906550 
-43 1548774163 392331 0.906549 
-41 1548774163 412385 0.906553 
-41 1548774163 432419 0.906549 
-45 1548774163 452450 0.906560 
-43 1548774163 472461 0.906561 
-41 1548774163 492520 0.906549 
-37 1548774163 512527 0.906556 
-39 1548774163 532569 0.906554 
-41 1548774163 552614 0.906561 
-43 1548774163 572666 0.906560 
-39 1548774163 592683 0.906565 
-39 1548774163 612780 0.906569 
-39 1548774163 632767 0.906570 
-43 1548774163 652830 0.906570 
-39 1548774163 672843 0.906566 
-35 1548774163 692885 0.906571 
-43 1548774163 712947 0.906565 
-39 1548774163 733027 0.906576 
-37 1548774163 753009 0.906578 
-39 1548774163 773089 0.906561 
-37 1548774163 793134 0.906570 
-39 1548774163 813145 0.906577 
-35 1548774163 833198 0.906575 
-43 1548774163 853184 0.906569 
-37 1548774163 873253 0.906582 
-37 1548774163 893318 0.906583 
-35 1548774163 913340 0.906578 
-37 1548774163 933385 0.906565 
-41 1548774163 953391 0.906578 
-39 1548774163 973463 0.906583 
-35 1548774163 993513 0.906586 
-35 1548774164 13550 0.906586 
-41 1548774164 33570 0.906582 
-39 1548774164 53579 0.906577 
-41 1548774164 73636 0.906576 
-37 1548774164 93707 0.906586 
-39 1548774164 113716 0.906595 
-37 1548774164 133743 0.906589 
-39 1548774164 153776 0.906586 
-37 1548774164 173819 0.906581 
-35 1548774164 193871 0.906599 
-37 1548774164 213886 0.906597 
-33 1548774164 233948 0.906600 
-37 1548774164 253997 0.906586 
-33 1548774164 274019 0.906592 
-39 1548774164 294072 0.906597 
-39 1548774164 314137 0.906598 
-33 1548774164 334153 0.906622 
-39 1548774164 354183 0.906592 
-41 1548774164 374214 0.906603 
-39 1548774164 394244 0.906597 
-37 1548774164 414277 0.906621 
-35 1548774164 434341 0.906608 
-41 1548774164 454387 0.906605 
-35 1548774164 474387 0.906605 
-41 1548774164 494434 0.906597 
-37 1548774164 514503 0.906613 
-37 1548774164 534507 0.906626 
-37 1548774164 554519 0.906615 
-35 1548774164 574580 0.906602 
-35 1548774164 594637 0.906609 
-37 1548774164 614668 0.906614 
-39 1548774164 634700 0.906610 
-37 1548774164 654745 0.906610 
-41 1548774164 674752 0.906615 
-37 1548774164 694839 0.906609 
-43 1548774164 714836 0.906614 
-39 1548774164 734872 0.906620 
-39 1548774164 754949 0.906617 
-37 1548774164 775010 0.906621 
-39 1548774164 795032 0.906625 
-35 1548774164 815051 0.906619 
-33 1548774164 835089 0.906622 
-37 1548774164 855125 0.906620 
-37 1548774164 875153 0.906637 
-37 1548774164 895199 0.906625 
-37 1548774164 915216 0.906630 
-37 1548774164 935298 0.906625 
-37 1548774164 955336 0.906633 
-33 1548774164 975375 0.906625 
-33 1548774164 995482 0.906639 
-39 1548774165 15404 0.906636 
-37 1548774165 35485 0.906638 
-39 1548774165 55520 0.906635 
-41 1548774165 75518 0.906633 
-33 1548774165 95654 0.906637 
-37 1548774165 115624 0.906644 
-39 1548774165 135641 0.906635 
-31 1548774165 155691 0.906650 
-33 1548774165 175750 0.906643 
-39 1548774165 195773 0.906638 
-37 1548774165 215799 0.906638 
-37 1548774165 235888 0.906650 
-41 1548774165 255892 0.906639 
-37 1548774165 275946 0.906643 
-35 1548774165 296012 0.906646 
-37 1548774165 316060 0.906649 
-35 1548774165 336086 0.906642 
-35 1548774165 356134 0.906649 
-31 1548774165 376138 0.906661 
-35 1548774165 396217 0.906650 
-31 1548774165 416197 0.906646 
-39 1548774165 436280 0.906646 
-35 1548774165 456279 0.906658 
-37 1548774165 476333 0.906648 
-37 1548774165 496394 0.906667 
-35 1548774165 516386 0.906653 
-31 1548774165 536436 0.906658 
-35 1548774165 556455 0.906663 
-39 1548774165 576516 0.906670 
-33 1548774165 596561 0.906671 
-37 1548774165 616579 0.906665 
-35 1548774165 636654 0.906656 
-35 1548774165 656677 0.906664 
-39 1548774165 676710 0.906671 
-33 1548774165 696750 0.906670 
-37 1548774165 716809 0.906667 
-37 1548774165 736855 0.906666 
-37 1548774165 756900 0.906661 
-39 1548774165 776934 0.906677 
-35 1548774165 796965 0.906665 
-37 1548774165 817028 0.906678 
-39 1548774165 837029 0.906667 
-39 1548774165 857062 0.906682 
-35 1548774165 877099 0.906676 
-35 1548774165 897155 0.906680 
-37 1548774165 917197 0.906667 
-41 1548774165 937215 0.906678 
-35 1548774165 957247 0.906686 
-37 1548774165 977332 0.906682 
-33 1548774165 997376 0.906678 
-35 1548774166 17389 0.906686 
-39 1548774166 37431 0.906678 
-37 1548774166 57440 0.906682 
-35 1548774166 77519 0.906697 
-41 1548774166 97565 0.906694 
-33 1548774166 117561 0.906686 
-33 1548774166 137590 0.906694 
-33 1548774166 157656 0.906685 
-33 1548774166 177705 0.906699 
-31 1548774166 197706 0.906683 
-35 1548774166 217776 0.906689 
-39 1548774166 237820 0.906691 
-29 1548774166 257868 0.906696 
-37 1548774166 277897 0.906686 
-37 1548774166 297952 0.906699 
-31 1548774166 318010 0.906697 
-33 1548774166 338001 0.906703 
-33 1548774166 358032 0.906696 
-37 1548774166 378094 0.906705 
-33 1548774166 398094 0.906700 
-37 1548774166 418136 0.906705 
-37 1548774166 438201 0.906700 
-35 1548774166 458247 0.906703 
-37 1548774166 478301 0.906703 
-37 1548774166 498304 0.906714 
-33 1548774166 518327 0.906713 
-35 1548774166 538392 0.906720 
-31 1548774166 558425 0.906705 
-33 1548774166 578469 0.906715 
-37 1548774166 598497 0.906715 
-37 1548774166 618526 0.906714 
-39 1548774166 638587 0.906714 
-37 1548774166 658614 0.906722 
-35 1548774166 678695 0.906718 
-37 1548774166 698732 0.906720 
-35 1548774166 718766 0.906719 
-39 1548774166 738770 0.906720 
-35 1548774166 758834 0.906720 
-35 1548774166 778956 0.906724 
-35 1548774166 798893 0.906727 
-43 1548774166 818923 0.906722 
-39 1548774166 839014 0.906730 
-39 1548774166 859033 0.906729 
-35 1548774166 879030 0.906733 
-35 1548774166 899069 0.906721 
-37 1548774166 919157 0.906732 
-37 1548774166 939156 0.906730 
-39 1548774166 959206 0.906720 
-37 1548774166 979260 0.906727 
-35 1548774166 999282 0.906733 
-39 1548774167 19299 0.906733 
-35 1548774167 39343 0.906741 
-37 1548774167 59405 0.906742 
-37 1548774167 79431 0.906742 
-35 1548774167 99469 0.906743 
-35 1548774167 119520 0.906737 
-35 1548774167 139522 0.906738 
-39 1548774167 159570 0.906740 
-37 1548774167 179601 0.906743 
-39 1548774167 199669 0.906733 
-35 1548774167 219708 0.906750 
-37 1548774167 239737 0.906749 
-39 1548774167 259812 0.906744 
-33 1548774167 279796 0.906747 
-39 1548774167 299846 0.906752 
-39 1548774167 319887 0.906749 
-37 1548774167 339936 0.906752 
-43 1548774167 360017 0.906750 
-41 1548774167 380034 0.906744 
-35 1548774167 400031 0.906763 
-39 1548774167 420093 0.906758 
-39 1548774167 440196 0.906759 
-37 1548774167 460155 0.906759 
-39 1548774167 480214 0.906758 
-37 1548774167 500229 0.906760 
-39 1548774167 520313 0.906758 
-39 1548774167 540347 0.906768 
-37 1548774167 560401 0.906760 
-37 1548774167 580402 0.906760 
-39 1548774167 600447 0.906765 
-39 1548774167 620454 0.906763 
-37 1548774167 640509 0.906769 
-37 1548774167 660533 0.906755 
-37 1548774167 680580 0.906768 
-37 1548774167 700607 0.906769 
-37 1548774167 720684 0.906768 
-39 1548774167 740682 0.906768 
-41 1548774167 760739 0.906776 
-39 1548774167 780786 0.906771 
-39 1548774167 800825 0.906775 
-39 1548774167 820831 0.906774 
-37 1548774167 840895 0.906781 
-43 1548774167 860925 0.906770 
-37 1548774167 881004 0.906774 
-39 1548774167 901077 0.906779 
-43 1548774167 921032 0.906774 
-37 1548774167 941097 0.906779 
-39 1548774167 961143 0.906782 
-41 1548774167 981162 0.906781 
-37 1548774168 1206 0.906780 
-41 1548774168 21253 0.906780 
-39 1548774168 41267 0.906786 
-39 1548774168 61324 0.906783 
-39 1548774168 81364 0.906783 
-39 1548774168 101385 0.906781 
-37 1548774168 121430 0.906786 
-37 1548774168 141464 0.906788 
-39 1548774168 161549 0.906796 
-37 1548774168 181577 0.906782 
-37 1548774168 201586 0.906803 
-41 1548774168 221624 0.906791 
-39 1548774168 241676 0.906808 
-43 1548774168 261754 0.906798 
-39 1548774168 281795 0.906797 
-41 1548774168 301834 0.906791 
-39 1548774168 321846 0.906796 
-39 1548774168 341872 0.906804 
-43 1548774168 361900 0.906794 
-37 1548774168 381930 0.906798 
-43 1548774168 402035 0.906797 
-41 1548774168 422078 0.906804 
-37 1548774168 442078 0.906802 
-39 1548774168 462124 0.906802 
-43 1548774168 482146 0.906808 
-39 1548774168 502221 0.906815 
-39 1548774168 522221 0.906816 
-37 1548774168 542254 0.906807 
-33 1548774168 562303 0.906814 
-41 1548774168 582349 0.906808 
-39 1548774168 602373 0.906818 
-41 1548774168 622459 0.906810 
-43 1548774168 642450 0.906823 
-35 1548774168 662490 0.906810 
-35 1548774168 682547 0.906804 
-41 1548774168 702563 0.906812 
-39 1548774168 722608 0.906818 
-39 1548774168 742644 0.906818 
-39 1548774168 762694 0.906819 
-37 1548774168 782742 0.906820 
-41 1548774168 802803 0.906832 
-41 1548774168 822835 0.906825 
-41 1548774168 842858 0.906821 
-39 1548774168 862870 0.906831 
-39 1548774168 882910 0.906823 
-39 1548774168 902938 0.906826 
-43 1548774168 923036 0.906820 
-41 1548774168 943037 0.906825 
-37 1548774168 963089 0.906825 
-39 1548774168 983134 0.906826 
-39 1548774169 3170 0.906830 
-39 1548774169 23208 0.906835 
-39 1548774169 43221 0.906833 
-37 1548774169 63286 0.906843 
-39 1548774169 83285 0.906833 
-39 1548774169 103359 0.906836 
-35 1548774169 123417 0.906841 
-39 1548774169 143393 0.906841 
-37 1548774169 163439 0.906840 
-39 1548774169 183494 0.906832 
-41 1548774169 203558 0.906847 
-39 1548774169 223582 0.906846 
-37 1548774169 243625 0.906837 
-37 1548774169 263668 0.906853 
-37 1548774169 283706 0.906844 
-35 1548774169 303735 0.906846 
-37 1548774169 323794 0.906851 
-37 1548774169 343810 0.906844 
-37 1548774169 363820 0.906848 
-35 1548774169 383886 0.906846 
-35 1548774169 403920 0.906852 
-35 1548774169 423942 0.906859 
-37 1548774169 444012 0.906849 
-39 1548774169 464044 0.906855 
-39 1548774169 484069 0.906854 
-37 1548774169 504091 0.906864 
-37 1548774169 524163 0.906851 
-41 1548774169 544198 0.906868 
-41 1548774169 564209 0.906859 
-39 1548774169 584250 0.906854 
-37 1548774169 604304 0.906865 
-37 1548774169 624342 0.906859 
-37 1548774169 644422 0.906862 
-35 1548774169 664456 0.906875 
-33 1548774169 684475 0.906876 
-39 1548774169 704514 0.906858 
-37 1548774169 724557 0.906865 
-35 1548774169 744588 0.906868 
-37 1548774169 764606 0.906869 
-39 1548774169 784689 0.906873 
-39 1548774169 804723 0.906871 
-41 1548774169 824770 0.906879 
-37 1548774169 844790 0.906873 
-35 1548774169 864803 0.906874 
-39 1548774169 884896 0.906879 
-39 1548774169 905008 0.906885 
-35 1548774169 924944 0.906877 
-37 1548774169 945025 0.906884 
-41 1548774169 965081 0.906873 
-35 1548774169 985038 0.906881 
-39 1548774170 5099 0.906879 
-35 1548774170 25162 0.906879 
-37 1548774170 45188 0.906884 
-35 1548774170 65204 0.906887 
-41 1548774170 85260 0.906885 
-37 1548774170 105286 0.906895 
-37 1548774170 125332 0.906887 
-39 1548774170 145414 0.906898 
-37 1548774170 165412 0.906888 
-37 1548774170 185434 0.906891 
-37 1548774170 205497 0.906884 
-43 1548774170 225546 0.906898 
-39 1548774170 245549 0.906890 
-33 1548774170 265615 0.906908 
-35 1548774170 285633 0.906893 
-37 1548774170 305702 0.906901 
-39 1548774170 325779 0.906891 
-37 1548774170 345780 0.906891 
-37 1548774170 365772 0.906899 
-37 1548774170 385822 0.906903 
-41 1548774170 405914 0.906895 
-31 1548774170 425970 0.906913 
-39 1548774170 446020 0.906896 
-35 1548774170 466020 0.906907 
-33 1548774170 486038 0.906909 
-37 1548774170 506073 0.906914 
-37 1548774170 526147 0.906908 
-39 1548774170 546184 0.906910 
-33 1548774170 566165 0.906904 
-33 1548774170 586210 0.906917 
-37 1548774170 606264 0.906912 
-31 1548774170 626327 0.906917 
-37 1548774170 646330 0.906907 
-35 1548774170 666413 0.906914 
-39 1548774170 686419 0.906915 
-37 1548774170 706458 0.906914 
-37 1548774170 726528 0.906914 
-37 1548774170 746531 0.906920 
-37 1548774170 766595 0.906927 
