-41 1548774260 683345 0.905219 
-35 1548774260 694119 0.903555 
-33 1548774260 714172 0.907500 
-37 1548774260 734218 0.905101 
-39 1548774260 754235 0.906499 
-39 1548774260 774291 0.905740 
-39 1548774260 794307 0.906073 
-37 1548774260 814348 0.905999 
-31 1548774260 834454 0.905997 
-37 1548774260 854419 0.905996 
-37 1548774260 874493 0.905999 
-39 1548774260 894513 0.905989 
-41 1548774260 914532 0.905990 
-37 1548774260 934606 0.905995 
-39 1548774260 954606 0.905999 
-35 1548774260 974687 0.905995 
-43 1548774260 994753 0.905983 
-39 1548774261 14712 0.905989 
-41 1548774261 34800 0.905994 
-41 1548774261 54818 0.905996 
-37 1548774261 74869 0.905990 
-39 1548774261 94893 0.905991 
-37 1548774261 114936 0.905988 
-41 1548774261 134975 0.905985 
-41 1548774261 155002 0.905988 
-39 1548774261 175034 0.905992 
-37 1548774261 195051 0.905980 
-41 1548774261 215168 0.905989 
-39 1548774261 235168 0.905989 
-37 1548774261 255184 0.905984 
-39 1548774261 275248 0.905981 
-41 1548774261 295295 0.905990 
-41 1548774261 315275 0.905989 
-41 1548774261 335347 0.905992 
-37 1548774261 355373 0.905988 
-37 1548774261 375413 0.905991 
-35 1548774261 395473 0.905991 
-39 1548774261 415498 0.905992 
-39 1548774261 435524 0.905981 
-39 1548774261 455558 0.905995 
-41 1548774261 475614 0.905980 
-43 1548774261 495623 0.905980 
-37 1548774261 515668 0.905985 
-35 1548774261 535734 0.905992 
-41 1548774261 555769 0.905975 
-39 1548774261 575778 0.905995 
-33 1548774261 595826 0.905981 
-41 1548774261 615837 0.905983 
-39 1548774261 635900 0.905988 
-39 1548774261 655911 0.905995 
-39 1548774261 675989 0.905979 
-41 1548774261 696032 0.905985 
-35 1548774261 716046 0.905983 
-35 1548774261 736101 0.905985 
-41 1548774261 756169 0.905984 
-41 1548774261 776204 0.905992 
-39 1548774261 796187 0.905978 
-35 1548774261 816250 0.905978 
-35 1548774261 836240 0.905978 
-37 1548774261 856312 0.905988 
-39 1548774261 876355 0.905986 
-39 1548774261 896385 0.905986 
-37 1548774261 916425 0.905984 
-41 1548774261 936460 0.905974 
-41 1548774261 956495 0.905979 
-37 1548774261 976525 0.905986 
-39 1548774261 996552 0.905985 
-39 1548774262 16612 0.905981 
-39 1548774262 36651 0.905975 
-41 1548774262 56687 0.905978 
-41 1548774262 76744 0.905980 
-41 1548774262 96771 0.905981 
-41 1548774262 116799 0.905984 
-37 1548774262 136813 0.905967 
-39 1548774262 156864 0.905980 
-41 1548774262 176906 0.905979 
-43 1548774262 196937 0.905975 
-41 1548774262 216965 0.905978 
-41 1548774262 236984 0.905978 
-41 1548774262 257026 0.905984 
-37 1548774262 277111 0.905974 
-41 1548774262 297167 0.905979 
-41 1548774262 317186 0.905975 
-39 1548774262 337189 0.905975 
-39 1548774262 357231 0.905977 
-37 1548774262 377298 0.905972 
-39 1548774262 397313 0.905964 
-39 1548774262 417358 0.905984 
-39 1548774262 437406 0.905977 
-37 1548774262 457424 0.905990 
-41 1548774262 477439 0.905972 
-39 1548774262 497515 0.905980 
-39 1548774262 517553 0.905974 
-45 1548774262 537563 0.905969 
-35 1548774262 557589 0.905984 
-39 1548774262 577733 0.905974 
-41 1548774262 597692 0.905980 
-41 1548774262 617714 0.905963 
-39 1548774262 637746 0.905978 
-39 1548774262 657778 0.905968 
-37 1548774262 677821 0.905970 
-37 1548774262 697884 0.905975 
-41 1548774262 717927 0.905974 
-43 1548774262 737924 0.905973 
-41 1548774262 757954 0.905979 
-39 1548774262 778027 0.905977 
-39 1548774262 798030 0.905977 
-37 1548774262 818070 0.905967 
-39 1548774262 838171 0.905967 
-37 1548774262 858190 0.905975 
-39 1548774262 878232 0.905984 
-37 1548774262 898242 0.905961 
-39 1548774262 918290 0.905970 
-35 1548774262 938313 0.905975 
-39 1548774262 958365 0.905975 
-39 1548774262 978379 0.905970 
-41 1548774262 998408 0.905974 
-37 1548774263 18455 0.905972 
-41 1548774263 38479 0.905973 
-41 1548774263 58557 0.905968 
-39 1548774263 78557 0.905974 
-39 1548774263 98623 0.905968 
-39 1548774263 118673 0.905974 
-39 1548774263 138704 0.905966 
-41 1548774263 158716 0.905972 
-39 1548774263 178787 0.905974 
-39 1548774263 198834 0.905962 
-37 1548774263 218879 0.905972 
-41 1548774263 238900 0.905974 
-43 1548774263 258887 0.905963 
-39 1548774263 278943 0.905970 
-41 1548774263 299023 0.905968 
-41 1548774263 319028 0.905972 
-33 1548774263 339087 0.905972 
-39 1548774263 359086 0.905981 
-35 1548774263 379125 0.905955 
-39 1548774263 399190 0.905967 
-35 1548774263 419233 0.905969 
-35 1548774263 439246 0.905964 
-41 1548774263 459312 0.905951 
-37 1548774263 479303 0.905967 
-37 1548774263 499373 0.905968 
-37 1548774263 519425 0.905967 
-35 1548774263 539441 0.905962 
-41 1548774263 559498 0.905964 
-39 1548774263 579497 0.905972 
-39 1548774263 599549 0.905966 
-35 1548774263 619606 0.905967 
-39 1548774263 639653 0.905966 
-37 1548774263 659669 0.905961 
-41 1548774263 679697 0.905962 
-37 1548774263 699732 0.905955 
-39 1548774263 719799 0.905966 
-37 1548774263 739817 0.905959 
-33 1548774263 759855 0.905974 
-35 1548774263 779877 0.905963 
-39 1548774263 799926 0.905956 
-43 1548774263 819964 0.905961 
-35 1548774263 840020 0.905964 
-37 1548774263 860010 0.905959 
-37 1548774263 880070 0.905958 
-37 1548774263 900118 0.905958 
-37 1548774263 920191 0.905972 
-39 1548774263 940236 0.905964 
-37 1548774263 960260 0.905969 
-37 1548774263 980235 0.905955 
-43 1548774264 317 0.905958 
-41 1548774264 20316 0.905962 
-39 1548774264 40378 0.905961 
-37 1548774264 60410 0.905957 
-37 1548774264 80442 0.905958 
-37 1548774264 100502 0.905956 
-39 1548774264 120529 0.905963 
-39 1548774264 140577 0.905959 
-39 1548774264 160584 0.905958 
-37 1548774264 180656 0.905955 
-35 1548774264 200667 0.905963 
-37 1548774264 220682 0.905961 
-35 1548774264 240755 0.905962 
-41 1548774264 260818 0.905953 
-41 1548774264 280800 0.905955 
-39 1548774264 300844 0.905963 
-39 1548774264 320879 0.905958 
-37 1548774264 340907 0.905963 
-39 1548774264 361008 0.905955 
-39 1548774264 380978 0.905944 
-37 1548774264 401067 0.905957 
-39 1548774264 421091 0.905957 
-33 1548774264 441104 0.905959 
-37 1548774264 461193 0.905962 
-37 1548774264 481223 0.905946 
-37 1548774264 501244 0.905958 
-37 1548774264 521240 0.905955 
-37 1548774264 541317 0.905970 
-37 1548774264 561363 0.905952 
-35 1548774264 581377 0.905957 
-39 1548774264 601394 0.905957 
-37 1548774264 621477 0.905956 
-39 1548774264 641492 0.905959 
-37 1548774264 661508 0.905959 
-39 1548774264 681547 0.905958 
-35 1548774264 701567 0.905957 
-39 1548774264 721622 0.905951 
-35 1548774264 741676 0.905956 
-41 1548774264 761701 0.905952 
-37 1548774264 781738 0.905955 
-37 1548774264 801778 0.905947 
-39 1548774264 821831 0.905955 
-39 1548774264 841841 0.905963 
-37 1548774264 861896 0.905956 
-37 1548774264 881942 0.905955 
-37 1548774264 901933 0.905959 
-33 1548774264 921985 0.905952 
-35 1548774264 942067 0.905951 
-37 1548774264 962131 0.905955 
-39 1548774264 982093 0.905953 
-35 1548774265 2161 0.905951 
-37 1548774265 22162 0.905952 
-37 1548774265 42208 0.905947 
-37 1548774265 62258 0.905950 
-35 1548774265 82317 0.905959 
-37 1548774265 102356 0.905955 
-35 1548774265 122343 0.905945 
-39 1548774265 142434 0.905950 
-37 1548774265 162486 0.905941 
-37 1548774265 182504 0.905950 
-39 1548774265 202552 0.905953 
-37 1548774265 222544 0.905961 
-37 1548774265 242573 0.905944 
-37 1548774265 262649 0.905957 
-39 1548774265 282646 0.905946 
-37 1548774265 302713 0.905955 
-39 1548774265 322739 0.905942 
-39 1548774265 342787 0.905951 
-35 1548774265 362826 0.905945 
-39 1548774265 382839 0.905955 
-37 1548774265 402891 0.905941 
-35 1548774265 422924 0.905941 
-41 1548774265 442991 0.905951 
-43 1548774265 462978 0.905950 
-39 1548774265 483021 0.905946 
-39 1548774265 503076 0.905944 
-41 1548774265 523106 0.905945 
-39 1548774265 543163 0.905958 
-35 1548774265 563210 0.905944 
-41 1548774265 583225 0.905945 
-39 1548774265 603226 0.905945 
-41 1548774265 623272 0.905956 
-37 1548774265 643356 0.905941 
-41 1548774265 663370 0.905939 
-41 1548774265 683418 0.905939 
-39 1548774265 703472 0.905944 
-41 1548774265 723505 0.905944 
-41 1548774265 743526 0.905946 
-43 1548774265 763549 0.905935 
-39 1548774265 783569 0.905946 
-37 1548774265 803652 0.905941 
-41 1548774265 823671 0.905940 
-35 1548774265 843714 0.905950 
-39 1548774265 863728 0.905940 
-37 1548774265 883760 0.905934 
-39 1548774265 903778 0.905935 
-35 1548774265 923854 0.905948 
-39 1548774265 943905 0.905946 
-37 1548774265 963910 0.905934 
-39 1548774265 983945 0.905936 
-39 1548774266 4021 0.905934 
-37 1548774266 24040 0.905940 
-33 1548774266 44055 0.905934 
-37 1548774266 64099 0.905933 
-39 1548774266 84173 0.905939 
-39 1548774266 104176 0.905934 
-39 1548774266 124231 0.905933 
-35 1548774266 144237 0.905941 
-39 1548774266 164306 0.905951 
-37 1548774266 184306 0.905939 
-37 1548774266 204359 0.905928 
-39 1548774266 224452 0.905934 
-39 1548774266 244441 0.905946 
-37 1548774266 264445 0.905931 
-39 1548774266 284505 0.905933 
-37 1548774266 304576 0.905934 
-39 1548774266 324570 0.905935 
-39 1548774266 344640 0.905946 
-37 1548774266 364678 0.905936 
-41 1548774266 384687 0.905940 
-41 1548774266 404736 0.905939 
-37 1548774266 424801 0.905933 
-35 1548774266 444819 0.905931 
-43 1548774266 464845 0.905934 
-35 1548774266 484880 0.905925 
-35 1548774266 504914 0.905938 
-37 1548774266 524958 0.905939 
-33 1548774266 545026 0.905935 
-37 1548774266 565006 0.905929 
-41 1548774266 585100 0.905929 
-41 1548774266 605091 0.905938 
-35 1548774266 625177 0.905935 
-35 1548774266 645177 0.905935 
-41 1548774266 665196 0.905936 
-39 1548774266 685257 0.905929 
-33 1548774266 705266 0.905930 
-39 1548774266 725309 0.905929 
-39 1548774266 745378 0.905931 
-37 1548774266 765381 0.905934 
-35 1548774266 785451 0.905930 
-35 1548774266 805470 0.905934 
-39 1548774266 825504 0.905929 
-37 1548774266 845547 0.905934 
-37 1548774266 865580 0.905923 
-33 1548774266 885615 0.905939 
-35 1548774266 905658 0.905925 
-31 1548774266 925685 0.905931 
-41 1548774266 945728 0.905941 
-39 1548774266 965759 0.905938 
-39 1548774266 985805 0.905928 
-35 1548774267 5879 0.905925 
-35 1548774267 25886 0.905927 
-39 1548774267 45908 0.905938 
-41 1548774267 65947 0.905929 
-35 1548774267 86024 0.905929 
-39 1548774267 106054 0.905930 
-37 1548774267 126099 0.905940 
-41 1548774267 146115 0.905929 
-39 1548774267 166121 0.905930 
-37 1548774267 186239 0.905930 
-41 1548774267 206239 0.905935 
-39 1548774267 226241 0.905927 
-35 1548774267 246305 0.905933 
-41 1548774267 266373 0.905919 
-39 1548774267 286362 0.905930 
-35 1548774267 306436 0.905930 
-35 1548774267 326430 0.905935 
-39 1548774267 346496 0.905923 
-39 1548774267 366483 0.905927 
-39 1548774267 386550 0.905927 
-39 1548774267 406610 0.905925 
-35 1548774267 426632 0.905924 
-41 1548774267 446699 0.905925 
-41 1548774267 466725 0.905927 
-37 1548774267 486732 0.905929 
-39 1548774267 506774 0.905929 
-37 1548774267 526822 0.905930 
-39 1548774267 546843 0.905928 
-39 1548774267 566904 0.905924 
-41 1548774267 586894 0.905924 
-41 1548774267 606957 0.905931 
-35 1548774267 627012 0.905924 
-37 1548774267 647049 0.905930 
-37 1548774267 667076 0.905923 
-39 1548774267 687096 0.905928 
-37 1548774267 707134 0.905923 
-39 1548774267 727197 0.905925 
-39 1548774267 747197 0.905914 
-37 1548774267 767259 0.905930 
-39 1548774267 787308 0.905919 
-37 1548774267 807322 0.905930 
-39 1548774267 827406 0.905930 
-39 1548774267 847417 0.905917 
-41 1548774267 867416 0.905919 
-37 1548774267 887455 0.905928 
-39 1548774267 907482 0.905927 
-37 1548774267 927512 0.905919 
-39 1548774267 947593 0.905919 
-39 1548774267 967615 0.905916 
-41 1548774267 987650 0.905917 
-41 1548774268 7663 0.905927 
-37 1548774268 27698 0.905924 
-43 1548774268 47729 0.905917 
-37 1548774268 67777 0.905917 
-39 1548774268 87868 0.905922 
-33 1548774268 107890 0.905923 
-37 1548774268 127908 0.905920 
-39 1548774268 147972 0.905914 
-37 1548774268 167961 0.905925 
-39 1548774268 187992 0.905925 
-37 1548774268 208042 0.905920 
-39 1548774268 228073 0.905927 
-37 1548774268 248117 0.905920 
-39 1548774268 268180 0.905920 
-41 1548774268 288241 0.905917 
-39 1548774268 308260 0.905919 
-39 1548774268 328302 0.905925 
-39 1548774268 348288 0.905919 
-35 1548774268 368349 0.905914 
-41 1548774268 388369 0.905917 
-37 1548774268 408448 0.905912 
-39 1548774268 428486 0.905914 
-37 1548774268 448493 0.905914 
-37 1548774268 468556 0.905928 
-39 1548774268 488604 0.905920 
-37 1548774268 508607 0.905918 
-39 1548774268 528639 0.905914 
-33 1548774268 548700 0.905920 
-37 1548774268 568698 0.905918 
-35 1548774268 588743 0.905924 
-33 1548774268 608811 0.905908 
-33 1548774268 628864 0.905916 
-35 1548774268 648904 0.905911 
-35 1548774268 668902 0.905919 
-39 1548774268 688983 0.905919 
-33 1548774268 708994 0.905916 
-35 1548774268 729010 0.905917 
-39 1548774268 749054 0.905918 
-39 1548774268 769070 0.905906 
-37 1548774268 789129 0.905916 
-41 1548774268 809181 0.905913 
-41 1548774268 829243 0.905917 
-41 1548774268 849244 0.905913 
-41 1548774268 869292 0.905923 
-35 1548774268 889308 0.905914 
-37 1548774268 909369 0.905917 
-35 1548774268 929384 0.905916 
-35 1548774268 949450 0.905911 
-35 1548774268 969481 0.905911 
-39 1548774268 989511 0.905918 
-39 1548774269 9523 0.905903 
-41 1548774269 29613 0.905913 
-35 1548774269 49615 0.905903 
-37 1548774269 69678 0.905919 
-39 1548774269 89684 0.905913 
-39 1548774269 109774 0.905906 
-35 1548774269 129795 0.905903 
-33 1548774269 149830 0.905908 
-37 1548774269 169843 0.905912 
-37 1548774269 189907 0.905905 
-37 1548774269 209933 0.905916 
-41 1548774269 229977 0.905908 
-37 1548774269 250018 0.905903 
-39 1548774269 270028 0.905929 
-39 1548774269 290062 0.905906 
-39 1548774269 310135 0.905912 
-35 1548774269 330201 0.905900 
-41 1548774269 350198 0.905912 
-39 1548774269 370266 0.905901 
-37 1548774269 390256 0.905911 
-35 1548774269 410323 0.905905 
-37 1548774269 430369 0.905903 
-39 1548774269 450398 0.905905 
-39 1548774269 470423 0.905911 
-39 1548774269 490491 0.905909 
-41 1548774269 510476 0.905907 
-39 1548774269 530521 0.905906 
-37 1548774269 550559 0.905909 
-37 1548774269 570607 0.905907 
-37 1548774269 590666 0.905905 
-37 1548774269 610702 0.905912 
-37 1548774269 630730 0.905902 
-39 1548774269 650746 0.905900 
-37 1548774269 670784 0.905919 
-37 1548774269 690852 0.905909 
-37 1548774269 710887 0.905898 
-33 1548774269 730933 0.905903 
-37 1548774269 750951 0.905905 
-37 1548774269 770992 0.905903 
-35 1548774269 791048 0.905905 
-37 1548774269 811038 0.905906 
-37 1548774269 831085 0.905895 
-37 1548774269 851135 0.905913 
-35 1548774269 871201 0.905911 
-37 1548774269 891202 0.905892 
-35 1548774269 911260 0.905891 
-39 1548774269 931301 0.905895 
-39 1548774269 951364 0.905907 
-37 1548774269 971371 0.905903 
-37 1548774269 991434 0.905906 
-37 1548774270 11431 0.905907 
-35 1548774270 31496 0.905902 
-37 1548774270 51512 0.905902 
-37 1548774270 71576 0.905908 
-39 1548774270 91637 0.905892 
-35 1548774270 111642 0.905902 
-37 1548774270 131690 0.905902 
-41 1548774270 151707 0.905900 
-35 1548774270 171745 0.905897 
-33 1548774270 191801 0.905898 
-33 1548774270 211833 0.905890 
-35 1548774270 231841 0.905889 
-35 1548774270 251887 0.905900 
-37 1548774270 271950 0.905905 
-37 1548774270 291987 0.905905 
-41 1548774270 312019 0.905901 
-31 1548774270 332074 0.905891 
-37 1548774270 352110 0.905900 
-33 1548774270 372199 0.905906 
-39 1548774270 392202 0.905902 
-35 1548774270 412265 0.905896 
-37 1548774270 432264 0.905886 
-39 1548774270 452311 0.905894 
-35 1548774270 472372 0.905898 
-29 1548774270 492424 0.905901 
-37 1548774270 512465 0.905898 
-35 1548774270 532485 0.905897 
-35 1548774270 552514 0.905894 
-35 1548774270 572568 0.905898 
-35 1548774270 592623 0.905891 
-33 1548774270 612626 0.905897 
-41 1548774270 632638 0.905905 
-37 1548774270 652705 0.905896 
-35 1548774270 672742 0.905901 
-37 1548774270 692807 0.905892 
-39 1548774270 712817 0.905896 
-39 1548774270 732843 0.905900 
-35 1548774270 752873 0.905896 
-33 1548774270 772911 0.905894 
-33 1548774270 792940 0.905896 
-33 1548774270 812996 0.905896 
-39 1548774270 833060 0.905894 
-37 1548774270 853084 0.905890 
-35 1548774270 873139 0.905889 
-35 1548774270 893203 0.905887 
-37 1548774270 913206 0.905889 
-35 1548774270 933259 0.905897 
-39 1548774270 953291 0.905887 
-35 1548774270 973327 0.905900 
-35 1548774270 993365 0.905885 
-35 1548774271 13399 0.905884 
-35 1548774271 33435 0.905887 
-33 1548774271 53442 0.905891 
-37 1548774271 73536 0.905885 
-31 1548774271 93538 0.905892 
-35 1548774271 113577 0.905886 
-33 1548774271 133659 0.905892 
-35 1548774271 153649 0.905889 
-39 1548774271 173702 0.905890 
-37 1548774271 193748 0.905890 
-35 1548774271 213767 0.905897 
-37 1548774271 233797 0.905884 
-33 1548774271 253846 0.905885 
-35 1548774271 273877 0.905891 
-35 1548774271 293917 0.905887 
-35 1548774271 313965 0.905878 
-29 1548774271 333999 0.905892 
-39 1548774271 354033 0.905887 
-39 1548774271 374059 0.905889 
-37 1548774271 394129 0.905879 
-37 1548774271 414173 0.905896 
-37 1548774271 434234 0.905875 
-33 1548774271 454235 0.905879 
-35 1548774271 474305 0.905886 
-33 1548774271 494329 0.905895 
-35 1548774271 514328 0.905889 
-33 1548774271 534389 0.905887 
-41 1548774271 554461 0.905885 
-37 1548774271 574448 0.905878 
-39 1548774271 594474 0.905885 
-35 1548774271 614515 0.905883 
-35 1548774271 634571 0.905885 
-37 1548774271 654639 0.905886 
-35 1548774271 674645 0.905885 
-37 1548774271 694670 0.905875 
-35 1548774271 714746 0.905885 
-35 1548774271 734746 0.905889 
-41 1548774271 754826 0.905885 
-37 1548774271 774875 0.905892 
-35 1548774271 794901 0.905885 
-35 1548774271 814933 0.905885 
-39 1548774271 834952 0.905881 
-39 1548774271 854996 0.905886 
-37 1548774271 875064 0.905889 
-35 1548774271 895087 0.905875 
-35 1548774271 915123 0.905878 
-33 1548774271 935174 0.905886 
-35 1548774271 955243 0.905884 
-37 1548774271 975245 0.905876 
-35 1548774271 995262 0.905876 
-35 1548774272 15303 0.905883 
-41 1548774272 35329 0.905885 
-35 1548774272 55370 0.905884 
-37 1548774272 75451 0.905872 
-35 1548774272 95447 0.905876 
-35 1548774272 115515 0.905880 
-35 1548774272 135563 0.905874 
-35 1548774272 155563 0.905878 
-41 1548774272 175594 0.905876 
-37 1548774272 195650 0.905875 
-35 1548774272 215670 0.905881 
-33 1548774272 235760 0.905879 
-35 1548774272 255794 0.905880 
-33 1548774272 275817 0.905879 
-33 1548774272 295825 0.905886 
-37 1548774272 315912 0.905878 
-35 1548774272 335905 0.905880 
-37 1548774272 355997 0.905876 
-35 1548774272 375975 0.905870 
-37 1548774272 396044 0.905872 
-33 1548774272 416074 0.905874 
-33 1548774272 436105 0.905884 
-35 1548774272 456187 0.905878 
-39 1548774272 476205 0.905879 
-39 1548774272 496249 0.905873 
-35 1548774272 516267 0.905878 
-37 1548774272 536322 0.905873 
-39 1548774272 556313 0.905874 
-39 1548774272 576391 0.905876 
-35 1548774272 596485 0.905875 
-35 1548774272 616444 0.905875 
-35 1548774272 636490 0.905876 
-33 1548774272 656532 0.905874 
-31 1548774272 676592 0.905875 
-35 1548774272 696647 0.905872 
-33 1548774272 716626 0.905865 
-33 1548774272 736694 0.905881 
-37 1548774272 756715 0.905874 
-35 1548774272 776796 0.905873 
-33 1548774272 796829 0.905868 
-37 1548774272 816858 0.905876 
-37 1548774272 836864 0.905873 
-35 1548774272 856923 0.905873 
-35 1548774272 876939 0.905870 
-35 1548774272 896980 0.905865 
-35 1548774272 917049 0.905880 
-33 1548774272 937074 0.905869 
-39 1548774272 957126 0.905869 
-31 1548774272 977126 0.905869 
-37 1548774272 997176 0.905876 
-35 1548774273 17221 0.905870 
-35 1548774273 37238 0.905873 
-37 1548774273 57269 0.905865 
-37 1548774273 77327 0.905864 
-33 1548774273 97382 0.905870 
-37 1548774273 117439 0.905879 
-37 1548774273 137456 0.905865 
-37 1548774273 157511 0.905865 
-33 1548774273 177518 0.905865 
-35 1548774273 197578 0.905869 
-33 1548774273 217613 0.905867 
-35 1548774273 237668 0.905873 
-35 1548774273 257694 0.905873 
-35 1548774273 277740 0.905854 
-33 1548774273 297751 0.905864 
-35 1548774273 317791 0.905874 
-33 1548774273 337836 0.905862 
-35 1548774273 357878 0.905870 
-41 1548774273 377915 0.905868 
-35 1548774273 397948 0.905863 
-35 1548774273 417960 0.905861 
-37 1548774273 438035 0.905870 
-35 1548774273 458038 0.905874 
-35 1548774273 478083 0.905864 
-33 1548774273 498188 0.905864 
-35 1548774273 518208 0.905864 
-33 1548774273 538224 0.905872 
-33 1548774273 558216 0.905868 
-29 1548774273 578285 0.905878 
-35 1548774273 598317 0.905864 
-35 1548774273 618333 0.905861 
-37 1548774273 638392 0.905857 
-33 1548774273 658482 0.905870 
-33 1548774273 678482 0.905858 
-33 1548774273 698490 0.905865 
-41 1548774273 718582 0.905862 
-37 1548774273 738566 0.905868 
-39 1548774273 758639 0.905858 
-35 1548774273 778690 0.905863 
-35 1548774273 798706 0.905864 
-37 1548774273 818753 0.905868 
-35 1548774273 838752 0.905867 
-35 1548774273 858794 0.905861 
-37 1548774273 878864 0.905861 
-33 1548774273 898911 0.905859 
-37 1548774273 918905 0.905874 
-35 1548774273 938990 0.905862 
-35 1548774273 958984 0.905852 
-37 1548774273 979061 0.905863 
-35 1548774273 999097 0.905868 
-37 1548774274 19106 0.905872 
-37 1548774274 39189 0.905861 
-33 1548774274 59208 0.905853 
-33 1548774274 79205 0.905861 
-39 1548774274 99271 0.905872 
-39 1548774274 119311 0.905857 
-37 1548774274 139373 0.905861 
-35 1548774274 159378 0.905861 
-39 1548774274 179478 0.905852 
-37 1548774274 199482 0.905852 
-37 1548774274 219502 0.905861 
-39 1548774274 239544 0.905858 
-35 1548774274 259567 0.905861 
-37 1548774274 279631 0.905857 
-31 1548774274 299655 0.905856 
-37 1548774274 319717 0.905863 
-37 1548774274 339709 0.905864 
-35 1548774274 359754 0.905850 
-35 1548774274 379793 0.905856 
-33 1548774274 399837 0.905858 
-33 1548774274 419878 0.905858 
-33 1548774274 439914 0.905851 
-35 1548774274 459939 0.905857 
-37 1548774274 480000 0.905854 
-33 1548774274 500035 0.905862 
-35 1548774274 520049 0.905856 
-35 1548774274 540130 0.905854 
-33 1548774274 560190 0.905854 
-37 1548774274 580209 0.905854 
-37 1548774274 600251 0.905851 
-31 1548774274 620251 0.905857 
-39 1548774274 640322 0.905858 
-33 1548774274 660369 0.905856 
-33 1548774274 680370 0.905851 
-37 1548774274 700447 0.905857 
-31 1548774274 720442 0.905857 
-33 1548774274 740467 0.905853 
-33 1548774274 760503 0.905856 
-31 1548774274 780583 0.905857 
-35 1548774274 800622 0.905854 
-35 1548774274 820611 0.905850 
-35 1548774274 840672 0.905853 
-37 1548774274 860712 0.905853 
-31 1548774274 880773 0.905856 
-39 1548774274 900800 0.905859 
-33 1548774274 920824 0.905842 
-39 1548774274 940846 0.905844 
-35 1548774274 960923 0.905841 
-33 1548774274 980926 0.905850 
-41 1548774275 971 0.905852 
-37 1548774275 21020 0.905842 
-31 1548774275 41037 0.905848 
-39 1548774275 61121 0.905854 
-33 1548774275 81131 0.905844 
-35 1548774275 101179 0.905854 
-33 1548774275 121195 0.905845 
-37 1548774275 141241 0.905840 
-37 1548774275 161268 0.905854 
-39 1548774275 181350 0.905851 
-35 1548774275 201377 0.905845 
-37 1548774275 221398 0.905854 
-41 1548774275 241491 0.905851 
-37 1548774275 261463 0.905841 
-35 1548774275 281520 0.905854 
-33 1548774275 301568 0.905857 
-35 1548774275 321606 0.905841 
-39 1548774275 341636 0.905847 
-37 1548774275 361653 0.905850 
-35 1548774275 381694 0.905854 
-37 1548774275 401781 0.905841 
-37 1548774275 421787 0.905850 
-39 1548774275 441828 0.905841 
-37 1548774275 461848 0.905847 
-35 1548774275 481886 0.905835 
-39 1548774275 501960 0.905857 
-39 1548774275 521970 0.905846 
-35 1548774275 542022 0.905850 
-35 1548774275 562057 0.905848 
-35 1548774275 582084 0.905848 
-37 1548774275 602132 0.905848 
-41 1548774275 622180 0.905839 
-35 1548774275 642253 0.905848 
-35 1548774275 662272 0.905844 
-39 1548774275 682319 0.905846 
-39 1548774275 702360 0.905848 
-35 1548774275 722400 0.905840 
-39 1548774275 742399 0.905850 
-37 1548774275 762444 0.905841 
-33 1548774275 782500 0.905842 
-39 1548774275 802525 0.905851 
-37 1548774275 822559 0.905831 
-35 1548774275 842631 0.905839 
-37 1548774275 862660 0.905840 
-37 1548774275 882694 0.905850 
-33 1548774275 902739 0.905837 
-37 1548774275 922783 0.905842 
-33 1548774275 942820 0.905844 
-37 1548774275 962873 0.905844 
-35 1548774275 982887 0.905841 
-37 1548774276 2945 0.905834 
-35 1548774276 22945 0.905851 
-35 1548774276 42999 0.905842 
-37 1548774276 63032 0.905846 
-33 1548774276 83109 0.905850 
-37 1548774276 103088 0.905829 
-35 1548774276 123128 0.905846 
-35 1548774276 143211 0.905837 
-37 1548774276 163254 0.905847 
-39 1548774276 183273 0.905844 
-35 1548774276 203315 0.905842 
-33 1548774276 223329 0.905845 
-37 1548774276 243381 0.905841 
-35 1548774276 263395 0.905831 
-39 1548774276 283449 0.905836 
-41 1548774276 303512 0.905833 
-35 1548774276 323555 0.905852 
-37 1548774276 343599 0.905836 
-39 1548774276 363605 0.905833 
-37 1548774276 383671 0.905839 
-37 1548774276 403716 0.905846 
-35 1548774276 423782 0.905830 
-39 1548774276 443780 0.905847 
-33 1548774276 463807 0.905831 
-35 1548774276 483881 0.905833 
-37 1548774276 503915 0.905831 
-35 1548774276 523972 0.905848 
-39 1548774276 543992 0.905835 
-39 1548774276 564027 0.905835 
-37 1548774276 584055 0.905830 
-35 1548774276 604053 0.905836 
-35 1548774276 624113 0.905834 
-37 1548774276 644182 0.905844 
-41 1548774276 664212 0.905836 
-35 1548774276 684256 0.905828 
-41 1548774276 704271 0.905829 
-35 1548774276 724313 0.905840 
-33 1548774276 744382 0.905830 
-35 1548774276 764377 0.905831 
-35 1548774276 784432 0.905835 
-33 1548774276 804439 0.905841 
-35 1548774276 824522 0.905818 
-33 1548774276 844558 0.905839 
-35 1548774276 864558 0.905826 
-39 1548774276 884617 0.905851 
-37 1548774276 904641 0.905834 
-35 1548774276 924672 0.905828 
-35 1548774276 944761 0.905840 
-35 1548774276 964775 0.905833 
-37 1548774276 984821 0.905830 
-35 1548774277 4834 0.905837 
-35 1548774277 24890 0.905842 
-37 1548774277 44908 0.905834 
-31 1548774277 64980 0.905823 
-41 1548774277 84976 0.905841 
-33 1548774277 105047 0.905831 
-33 1548774277 125046 0.905836 
-35 1548774277 145142 0.905825 
-37 1548774277 165192 0.905828 
-33 1548774277 185207 0.905839 
-39 1548774277 205243 0.905835 
-39 1548774277 225256 0.905828 
-35 1548774277 245315 0.905836 
-37 1548774277 265360 0.905824 
-31 1548774277 285425 0.905833 
-37 1548774277 305448 0.905830 
-37 1548774277 325462 0.905829 
-35 1548774277 345538 0.905822 
-39 1548774277 365573 0.905823 
-37 1548774277 385606 0.905831 
-33 1548774277 405620 0.905829 
-33 1548774277 425637 0.905822 
-37 1548774277 445680 0.905825 
-31 1548774277 465758 0.905837 
-35 1548774277 485745 0.905823 
-37 1548774277 505799 0.905833 
-33 1548774277 525829 0.905830 
-39 1548774277 545908 0.905829 
-35 1548774277 565899 0.905817 
-37 1548774277 585944 0.905822 
-35 1548774277 606014 0.905835 
-35 1548774277 626072 0.905828 
-39 1548774277 646097 0.905826 
-39 1548774277 666115 0.905823 
-35 1548774277 686150 0.905823 
-39 1548774277 706195 0.905833 
-37 1548774277 726212 0.905823 
-37 1548774277 746277 0.905818 
-35 1548774277 766327 0.905831 
-39 1548774277 786353 0.905825 
-33 1548774277 806377 0.905818 
-27 1548774277 826438 0.905833 
-39 1548774277 846463 0.905819 
-35 1548774277 866496 0.905834 
-39 1548774277 886557 0.905814 
-39 1548774277 906575 0.905819 
-37 1548774277 926622 0.905833 
-37 1548774277 946639 0.905823 
-37 1548774277 966674 0.905809 
-37 1548774277 986713 0.905817 
-33 1548774278 6759 0.905815 
-35 1548774278 26759 0.905828 
-33 1548774278 46817 0.905824 
-35 1548774278 66838 0.905818 
-37 1548774278 86885 0.905823 
-35 1548774278 106953 0.905817 
-39 1548774278 126994 0.905824 
-41 1548774278 146999 0.905813 
-39 1548774278 167026 0.905814 
-35 1548774278 187074 0.905822 
-33 1548774278 207130 0.905813 
-33 1548774278 227200 0.905815 
-37 1548774278 247199 0.905812 
-37 1548774278 267230 0.905818 
-35 1548774278 287295 0.905814 
-35 1548774278 307345 0.905812 
-35 1548774278 327341 0.905817 
-33 1548774278 347407 0.905822 
-39 1548774278 367437 0.905822 
-35 1548774278 387526 0.905818 
-37 1548774278 407513 0.905818 
-37 1548774278 427590 0.905818 
-39 1548774278 447579 0.905819 
-37 1548774278 467668 0.905818 
-31 1548774278 487691 0.905817 
-33 1548774278 507746 0.905817 
-41 1548774278 527771 0.905809 
-37 1548774278 547809 0.905823 
-37 1548774278 567838 0.905817 
-37 1548774278 587855 0.905825 
-39 1548774278 607924 0.905813 
-37 1548774278 627972 0.905819 
-35 1548774278 648028 0.905811 
-39 1548774278 668052 0.905820 
-37 1548774278 688090 0.905815 
-33 1548774278 708114 0.905824 
-33 1548774278 728198 0.905826 
-35 1548774278 748197 0.905814 
-37 1548774278 768258 0.905814 
-41 1548774278 788275 0.905798 
-37 1548774278 808329 0.905815 
-35 1548774278 828348 0.905819 
-39 1548774278 848401 0.905803 
-35 1548774278 868402 0.905809 
-37 1548774278 888442 0.905813 
-35 1548774278 908496 0.905818 
-37 1548774278 928565 0.905813 
-41 1548774278 948557 0.905813 
-35 1548774278 968640 0.905804 
-37 1548774278 988657 0.905814 
-35 1548774279 8699 0.905814 
-39 1548774279 28745 0.905819 
-35 1548774279 48767 0.905807 
-37 1548774279 68824 0.905812 
-37 1548774279 88871 0.905811 
-39 1548774279 108925 0.905809 
-33 1548774279 128916 0.905811 
-35 1548774279 148984 0.905806 
-33 1548774279 169043 0.905806 
-37 1548774279 189026 0.905813 
-33 1548774279 209117 0.905809 
-31 1548774279 229186 0.905819 
-37 1548774279 249216 0.905811 
-37 1548774279 269198 0.905808 
-33 1548774279 289217 0.905809 
-31 1548774279 309278 0.905804 
-37 1548774279 329325 0.905809 
-31 1548774279 349378 0.905807 
-37 1548774279 369387 0.905807 
-35 1548774279 389446 0.905803 
-35 1548774279 409447 0.905798 
-37 1548774279 429543 0.905815 
-39 1548774279 449562 0.905800 
-37 1548774279 469576 0.905818 
-31 1548774279 489607 0.905807 
-37 1548774279 509637 0.905804 
-33 1548774279 529668 0.905803 
-37 1548774279 549716 0.905804 
-35 1548774279 569747 0.905807 
-33 1548774279 589811 0.905806 
-39 1548774279 609840 0.905808 
-29 1548774279 629861 0.905801 
-35 1548774279 649936 0.905803 
-31 1548774279 669935 0.905803 
-37 1548774279 689998 0.905800 
-35 1548774279 710044 0.905807 
-33 1548774279 730066 0.905804 
-35 1548774279 750091 0.905800 
-35 1548774279 770144 0.905801 
-39 1548774279 790224 0.905804 
-39 1548774279 810233 0.905806 
-39 1548774279 830280 0.905802 
-35 1548774279 850342 0.905806 
-37 1548774279 870383 0.905812 
-37 1548774279 890408 0.905803 
-37 1548774279 910458 0.905807 
-37 1548774279 930480 0.905804 
-37 1548774279 950504 0.905802 
-37 1548774279 970539 0.905804 
-35 1548774279 990612 0.905800 
-39 1548774280 10639 0.905812 
-33 1548774280 30706 0.905792 
-37 1548774280 50730 0.905811 
-35 1548774280 70787 0.905797 
-33 1548774280 90783 0.905806 
-31 1548774280 110866 0.905798 
-39 1548774280 130858 0.905802 
-37 1548774280 150953 0.905813 
-39 1548774280 170972 0.905780 
-37 1548774280 191013 0.905807 
-37 1548774280 211051 0.905807 
-37 1548774280 231045 0.905802 
-39 1548774280 251091 0.905795 
-39 1548774280 271124 0.905801 
-39 1548774280 291224 0.905803 
-35 1548774280 311204 0.905790 
-33 1548774280 331250 0.905802 
-33 1548774280 351296 0.905804 
-35 1548774280 371343 0.905813 
-33 1548774280 391391 0.905795 
-35 1548774280 411454 0.905802 
-37 1548774280 431461 0.905795 
-39 1548774280 451510 0.905801 
-33 1548774280 471558 0.905803 
-35 1548774280 491627 0.905793 
-33 1548774280 511644 0.905791 
-39 1548774280 531649 0.905798 
-37 1548774280 551694 0.905797 
-39 1548774280 571733 0.905793 
-41 1548774280 591763 0.905793 
-37 1548774280 611795 0.905802 
-37 1548774280 631868 0.905793 
-33 1548774280 651877 0.905792 
-37 1548774280 671920 0.905796 
-37 1548774280 691951 0.905792 
-33 1548774280 712035 0.905796 
-37 1548774280 732056 0.905786 
-39 1548774280 752119 0.905789 
-37 1548774280 772139 0.905795 
-35 1548774280 792219 0.905781 
-37 1548774280 812237 0.905800 
-35 1548774280 832226 0.905787 
-37 1548774280 852251 0.905802 
-39 1548774280 872297 0.905786 
-37 1548774280 892353 0.905787 
-37 1548774280 912446 0.905789 
-35 1548774280 932433 0.905789 
-37 1548774280 952469 0.905784 
-37 1548774280 972520 0.905784 
-37 1548774280 992538 0.905787 
-39 1548774281 12602 0.905798 
-35 1548774281 32655 0.905790 
-39 1548774281 52688 0.905790 
-31 1548774281 72718 0.905781 
-35 1548774281 92782 0.905796 
-33 1548774281 112792 0.905785 
-35 1548774281 132824 0.905793 
-35 1548774281 152878 0.905786 
-39 1548774281 172940 0.905789 
-35 1548774281 192978 0.905785 
-37 1548774281 213004 0.905791 
-37 1548774281 233038 0.905782 
-37 1548774281 253090 0.905784 
-37 1548774281 273108 0.905791 
-39 1548774281 293124 0.905790 
-37 1548774281 313194 0.905786 
-39 1548774281 333257 0.905786 
-35 1548774281 353259 0.905790 
-39 1548774281 373309 0.905793 
-37 1548774281 393342 0.905776 
-43 1548774281 413427 0.905792 
-39 1548774281 433453 0.905791 
-41 1548774281 453442 0.905789 
-39 1548774281 473507 0.905785 
-41 1548774281 493551 0.905797 
-39 1548774281 513548 0.905780 
-39 1548774281 533596 0.905779 
-35 1548774281 553625 0.905789 
-39 1548774281 573683 0.905780 
-37 1548774281 593719 0.905781 
-41 1548774281 613768 0.905786 
-43 1548774281 633825 0.905785 
-37 1548774281 653823 0.905785 
-33 1548774281 673923 0.905786 
-37 1548774281 693906 0.905784 
-41 1548774281 713940 0.905780 
-35 1548774281 733995 0.905790 
-35 1548774281 754060 0.905787 
-35 1548774281 774058 0.905780 
-39 1548774281 794099 0.905780 
-41 1548774281 814155 0.905779 
-39 1548774281 834204 0.905789 
-39 1548774281 854220 0.905784 
-41 1548774281 874282 0.905782 
-41 1548774281 894319 0.905784 
-41 1548774281 914329 0.905775 
-37 1548774281 934406 0.905787 
-37 1548774281 954434 0.905786 
-37 1548774281 974461 0.905781 
-35 1548774281 994516 0.905774 
-37 1548774282 14521 0.905767 
-37 1548774282 34558 0.905780 
-37 1548774282 54637 0.905779 
-41 1548774282 74670 0.905785 
-39 1548774282 94699 0.905771 
-43 1548774282 114737 0.905785 
-41 1548774282 134745 0.905786 
-35 1548774282 154788 0.905780 
-35 1548774282 174845 0.905781 
-41 1548774282 194891 0.905782 
-45 1548774282 214906 0.905775 
-41 1548774282 234945 0.905773 
-37 1548774282 255015 0.905778 
-37 1548774282 275037 0.905786 
-39 1548774282 295060 0.905782 
-37 1548774282 315101 0.905773 
-37 1548774282 335200 0.905769 
-39 1548774282 355203 0.905774 
-39 1548774282 375264 0.905781 
-39 1548774282 395282 0.905780 
-35 1548774282 415280 0.905775 
-39 1548774282 435366 0.905779 
-41 1548774282 455405 0.905771 
-37 1548774282 475434 0.905784 
-41 1548774282 495473 0.905770 
-37 1548774282 515478 0.905780 
-37 1548774282 535539 0.905771 
-39 1548774282 555574 0.905779 
-37 1548774282 575630 0.905785 
-43 1548774282 595658 0.905773 
-37 1548774282 615712 0.905773 
-39 1548774282 635768 0.905775 
-39 1548774282 655756 0.905778 
-37 1548774282 675803 0.905775 
-37 1548774282 695870 0.905764 
-37 1548774282 715882 0.905784 
-37 1548774282 735928 0.905776 
-43 1548774282 755942 0.905779 
-37 1548774282 775987 0.905770 
-37 1548774282 796081 0.905780 
-35 1548774282 816107 0.905769 
-41 1548774282 836093 0.905774 
-35 1548774282 856204 0.905763 
-35 1548774282 876203 0.905775 
-39 1548774282 896220 0.905764 
-39 1548774282 916279 0.905773 
-37 1548774282 936333 0.905765 
-35 1548774282 956382 0.905769 
-41 1548774282 976416 0.905768 
-41 1548774282 996452 0.905775 
-39 1548774283 16471 0.905773 
-39 1548774283 36487 0.905774 
-39 1548774283 56518 0.905759 
-41 1548774283 76581 0.905765 
-39 1548774283 96644 0.905774 
-39 1548774283 116669 0.905779 
-37 1548774283 136685 0.905774 
-39 1548774283 156747 0.905765 
-35 1548774283 176760 0.905763 
-41 1548774283 196829 0.905762 
-39 1548774283 216867 0.905768 
-39 1548774283 236924 0.905775 
-41 1548774283 256963 0.905776 
-35 1548774283 276959 0.905771 
-37 1548774283 297044 0.905774 
-37 1548774283 317066 0.905774 
-39 1548774283 337118 0.905765 
-33 1548774283 357153 0.905773 
-39 1548774283 377221 0.905771 
-39 1548774283 397223 0.905773 
-37 1548774283 417254 0.905771 
-37 1548774283 437326 0.905759 
-39 1548774283 457333 0.905765 
-43 1548774283 477386 0.905770 
-43 1548774283 497408 0.905770 
-41 1548774283 517479 0.905770 
-43 1548774283 537476 0.905763 
-41 1548774283 557565 0.905763 
-41 1548774283 577588 0.905760 
-39 1548774283 597591 0.905764 
-37 1548774283 617646 0.905770 
-33 1548774283 637699 0.905773 
-39 1548774283 657729 0.905770 
-41 1548774283 677785 0.905763 
-35 1548774283 697820 0.905765 
-41 1548774283 717855 0.905756 
-37 1548774283 737868 0.905767 
-37 1548774283 757918 0.905768 
-41 1548774283 777991 0.905760 
-41 1548774283 798017 0.905754 
-41 1548774283 818069 0.905758 
-39 1548774283 838114 0.905768 
-37 1548774283 858142 0.905767 
-41 1548774283 878206 0.905758 
-39 1548774283 898225 0.905754 
-39 1548774283 918282 0.905756 
-39 1548774283 938317 0.905773 
-37 1548774283 958338 0.905770 
-41 1548774283 978414 0.905769 
-37 1548774283 998462 0.905746 
-41 1548774284 18451 0.905757 
-37 1548774284 38518 0.905763 
-39 1548774284 58531 0.905759 
-35 1548774284 78555 0.905771 
-39 1548774284 98650 0.905751 
-37 1548774284 118660 0.905763 
-37 1548774284 138723 0.905752 
-41 1548774284 158754 0.905753 
-37 1548774284 178805 0.905758 
-37 1548774284 198837 0.905753 
-39 1548774284 218833 0.905762 
-35 1548774284 238892 0.905757 
-39 1548774284 258965 0.905771 
-39 1548774284 278995 0.905758 
-41 1548774284 299020 0.905757 
-41 1548774284 319083 0.905754 
-43 1548774284 339094 0.905760 
-39 1548774284 359114 0.905760 
-39 1548774284 379208 0.905756 
-33 1548774284 399225 0.905751 
-37 1548774284 419225 0.905763 
-37 1548774284 439284 0.905748 
-41 1548774284 459321 0.905757 
-37 1548774284 479340 0.905753 
-35 1548774284 499401 0.905758 
-41 1548774284 519445 0.905740 
-39 1548774284 539471 0.905752 
-37 1548774284 559532 0.905747 
-37 1548774284 579554 0.905763 
-33 1548774284 599609 0.905754 
-41 1548774284 619657 0.905748 
-39 1548774284 639679 0.905757 
-37 1548774284 659709 0.905756 
-39 1548774284 679770 0.905751 
-41 1548774284 699811 0.905752 
-39 1548774284 719803 0.905750 
-39 1548774284 739881 0.905753 
-41 1548774284 759910 0.905743 
-45 1548774284 779932 0.905758 
-39 1548774284 799981 0.905759 
-41 1548774284 820021 0.905756 
-39 1548774284 840063 0.905756 
-41 1548774284 860115 0.905748 
-39 1548774284 880146 0.905747 
-39 1548774284 900208 0.905753 
-39 1548774284 920259 0.905756 
-39 1548774284 940268 0.905764 
-37 1548774284 960332 0.905756 
-39 1548774284 980330 0.905754 
-39 1548774285 398 0.905754 
-35 1548774285 20414 0.905747 
-37 1548774285 40487 0.905745 
-37 1548774285 60511 0.905751 
-37 1548774285 80529 0.905752 
-39 1548774285 100558 0.905750 
-39 1548774285 120627 0.905743 
-39 1548774285 140664 0.905743 
-43 1548774285 160686 0.905752 
-37 1548774285 180710 0.905754 
-41 1548774285 200760 0.905746 
-37 1548774285 220805 0.905753 
-37 1548774285 240852 0.905743 
-37 1548774285 260894 0.905751 
-37 1548774285 280965 0.905745 
-39 1548774285 301018 0.905745 
-39 1548774285 321022 0.905750 
-41 1548774285 341050 0.905756 
-41 1548774285 361146 0.905746 
-41 1548774285 381196 0.905739 
-37 1548774285 401208 0.905745 
-41 1548774285 421269 0.905743 
-43 1548774285 441269 0.905745 
-41 1548774285 461328 0.905739 
-35 1548774285 481382 0.905743 
-37 1548774285 501445 0.905743 
-39 1548774285 521444 0.905746 
-41 1548774285 541486 0.905743 
-41 1548774285 561520 0.905751 
-39 1548774285 581526 0.905745 
-41 1548774285 601566 0.905746 
-39 1548774285 621631 0.905732 
-37 1548774285 641676 0.905756 
-37 1548774285 661689 0.905737 
-39 1548774285 681731 0.905748 
-41 1548774285 701801 0.905736 
-37 1548774285 721851 0.905740 
-39 1548774285 741879 0.905743 
-41 1548774285 761932 0.905751 
-43 1548774285 781924 0.905743 
-37 1548774285 801996 0.905743 
-39 1548774285 822051 0.905747 
-37 1548774285 842076 0.905740 
-39 1548774285 862116 0.905750 
-39 1548774285 882129 0.905741 
-39 1548774285 902162 0.905745 
-39 1548774285 922271 0.905743 
-39 1548774285 942295 0.905746 
-37 1548774285 962372 0.905739 
-39 1548774285 982353 0.905732 
-37 1548774286 2394 0.905737 
-41 1548774286 22418 0.905736 
-39 1548774286 42468 0.905751 
-41 1548774286 62531 0.905746 
-39 1548774286 82519 0.905736 
-39 1548774286 102599 0.905742 
-41 1548774286 122638 0.905746 
-35 1548774286 142662 0.905740 
-39 1548774286 162727 0.905742 
-39 1548774286 182729 0.905745 
-39 1548774286 202797 0.905742 
-45 1548774286 222803 0.905740 
-41 1548774286 242879 0.905735 
-41 1548774286 262927 0.905739 
-41 1548774286 282940 0.905739 
-37 1548774286 303011 0.905734 
-37 1548774286 323029 0.905734 
-43 1548774286 343075 0.905741 
-41 1548774286 363124 0.905732 
-43 1548774286 383145 0.905739 
-37 1548774286 403226 0.905731 
-37 1548774286 423260 0.905741 
-41 1548774286 443269 0.905743 
-37 1548774286 463289 0.905734 
-41 1548774286 483339 0.905740 
-37 1548774286 503343 0.905731 
-45 1548774286 523416 0.905745 
-39 1548774286 543414 0.905730 
-37 1548774286 563464 0.905747 
-39 1548774286 583494 0.905725 
-43 1548774286 603550 0.905720 
-39 1548774286 623577 0.905740 
-41 1548774286 643664 0.905740 
-39 1548774286 663696 0.905732 
-37 1548774286 683695 0.905731 
-45 1548774286 703775 0.905729 
-45 1548774286 723795 0.905736 
-43 1548774286 743827 0.905728 
-37 1548774286 763892 0.905745 
-39 1548774286 783892 0.905732 
-39 1548774286 803943 0.905735 
-41 1548774286 823980 0.905729 
-39 1548774286 844025 0.905734 
-39 1548774286 864084 0.905736 
-43 1548774286 884128 0.905739 
-43 1548774286 904155 0.905729 
-41 1548774286 924211 0.905726 
-41 1548774286 944274 0.905721 
-37 1548774286 964286 0.905734 
-43 1548774286 984292 0.905745 
-39 1548774287 4330 0.905737 
-41 1548774287 24417 0.905728 
-37 1548774287 44475 0.905723 
-41 1548774287 64441 0.905731 
-41 1548774287 84530 0.905730 
-41 1548774287 104567 0.905730 
-39 1548774287 124618 0.905737 
-39 1548774287 144598 0.905728 
-41 1548774287 164676 0.905728 
-41 1548774287 184702 0.905739 
-39 1548774287 204749 0.905731 
-39 1548774287 224810 0.905724 
-41 1548774287 244832 0.905732 
-39 1548774287 264846 0.905730 
-41 1548774287 284915 0.905734 
-41 1548774287 304957 0.905730 
-41 1548774287 324970 0.905723 
-41 1548774287 345028 0.905723 
-43 1548774287 365028 0.905730 
-35 1548774287 385109 0.905723 
-39 1548774287 405139 0.905728 
-41 1548774287 425212 0.905730 
-39 1548774287 445232 0.905726 
-43 1548774287 465267 0.905726 
-41 1548774287 485283 0.905726 
-43 1548774287 505364 0.905735 
-41 1548774287 525395 0.905720 
-43 1548774287 545393 0.905729 
-41 1548774287 565429 0.905720 
-43 1548774287 585491 0.905725 
-41 1548774287 605516 0.905732 
-41 1548774287 625569 0.905728 
-39 1548774287 645589 0.905719 
-39 1548774287 665664 0.905724 
-45 1548774287 685683 0.905725 
-41 1548774287 705698 0.905719 
-43 1548774287 725763 0.905717 
-39 1548774287 745824 0.905730 
-43 1548774287 765825 0.905721 
-39 1548774287 785842 0.905720 
-43 1548774287 805906 0.905729 
-37 1548774287 825919 0.905725 
-37 1548774287 846013 0.905720 
-41 1548774287 866034 0.905730 
-43 1548774287 886067 0.905725 
-41 1548774287 906131 0.905723 
-37 1548774287 926132 0.905710 
-37 1548774287 946213 0.905721 
-43 1548774287 966212 0.905728 
-41 1548774287 986268 0.905723 
-39 1548774288 6285 0.905720 
-39 1548774288 26294 0.905725 
-41 1548774288 46356 0.905712 
-35 1548774288 66397 0.905720 
-37 1548774288 86466 0.905723 
-39 1548774288 106492 0.905721 
-39 1548774288 126525 0.905728 
-37 1548774288 146547 0.905718 
-39 1548774288 166599 0.905707 
-39 1548774288 186613 0.905718 
-41 1548774288 206714 0.905714 
-39 1548774288 226707 0.905728 
-39 1548774288 246739 0.905726 
-35 1548774288 266798 0.905718 
-39 1548774288 286828 0.905721 
-39 1548774288 306845 0.905724 
-41 1548774288 326949 0.905725 
-39 1548774288 346965 0.905723 
-41 1548774288 367003 0.905721 
-41 1548774288 387025 0.905718 
-37 1548774288 407068 0.905706 
-39 1548774288 427094 0.905731 
-43 1548774288 447147 0.905718 
-41 1548774288 467167 0.905720 
-41 1548774288 487253 0.905720 
-39 1548774288 507240 0.905720 
-37 1548774288 527312 0.905712 
-41 1548774288 547360 0.905719 
-43 1548774288 567357 0.905714 
-39 1548774288 587403 0.905721 
-39 1548774288 607455 0.905714 
-43 1548774288 627456 0.905708 
-43 1548774288 647526 0.905707 
-41 1548774288 667589 0.905709 
-43 1548774288 687590 0.905718 
-41 1548774288 707652 0.905717 
-45 1548774288 727721 0.905714 
-39 1548774288 747716 0.905713 
-39 1548774288 767793 0.905717 
-43 1548774288 787789 0.905706 
-45 1548774288 807877 0.905715 
-41 1548774288 827897 0.905715 
-39 1548774288 847944 0.905707 
-47 1548774288 867949 0.905721 
-41 1548774288 888007 0.905698 
-39 1548774288 908035 0.905709 
-43 1548774288 928071 0.905710 
-41 1548774288 948130 0.905717 
-41 1548774288 968149 0.905714 
-41 1548774288 988233 0.905709 
-41 1548774289 8270 0.905708 
-43 1548774289 28295 0.905709 
-45 1548774289 48295 0.905706 
-45 1548774289 68341 0.905717 
-41 1548774289 88403 0.905707 
-39 1548774289 108402 0.905707 
-41 1548774289 128482 0.905720 
-45 1548774289 148526 0.905720 
-43 1548774289 168527 0.905709 
-37 1548774289 188590 0.905714 
-39 1548774289 208642 0.905713 
-41 1548774289 228659 0.905719 
-39 1548774289 248689 0.905712 
-41 1548774289 268715 0.905707 
-43 1548774289 288770 0.905709 
-41 1548774289 308782 0.905714 
-39 1548774289 328851 0.905710 
-43 1548774289 348899 0.905713 
-41 1548774289 368889 0.905707 
-45 1548774289 388937 0.905708 
-45 1548774289 409013 0.905712 
-37 1548774289 429050 0.905708 
-39 1548774289 449052 0.905702 
-39 1548774289 469131 0.905701 
-45 1548774289 489144 0.905699 
-41 1548774289 509215 0.905708 
-37 1548774289 529284 0.905706 
-45 1548774289 549295 0.905713 
-41 1548774289 569343 0.905701 
-39 1548774289 589358 0.905704 
-39 1548774289 609358 0.905709 
-39 1548774289 629501 0.905698 
-41 1548774289 649436 0.905704 
-41 1548774289 669528 0.905701 
-39 1548774289 689571 0.905709 
-41 1548774289 709574 0.905704 
-43 1548774289 729631 0.905704 
-39 1548774289 749654 0.905701 
-41 1548774289 769703 0.905699 
-41 1548774289 789762 0.905709 
-43 1548774289 809766 0.905703 
-41 1548774289 829815 0.905706 
-41 1548774289 849841 0.905701 
-45 1548774289 869888 0.905698 
-45 1548774289 889964 0.905698 
-37 1548774289 909983 0.905698 
-41 1548774289 929998 0.905698 
-41 1548774289 950071 0.905698 
-41 1548774289 970110 0.905699 
-45 1548774289 990160 0.905699 
-45 1548774290 10215 0.905710 
-43 1548774290 30234 0.905696 
-43 1548774290 50278 0.905702 
-41 1548774290 70295 0.905698 
-43 1548774290 90355 0.905712 
-43 1548774290 110359 0.905708 
-41 1548774290 130421 0.905702 
-41 1548774290 150483 0.905697 
-41 1548774290 170468 0.905699 
-39 1548774290 190510 0.905702 
-43 1548774290 210545 0.905702 
-39 1548774290 230613 0.905691 
-45 1548774290 250640 0.905693 
-41 1548774290 270705 0.905701 
-41 1548774290 290752 0.905702 
-41 1548774290 310779 0.905696 
-43 1548774290 330794 0.905704 
-43 1548774290 350850 0.905684 
-45 1548774290 370859 0.905696 
-41 1548774290 390911 0.905693 
-39 1548774290 410972 0.905696 
-41 1548774290 431025 0.905696 
-43 1548774290 451020 0.905704 
-45 1548774290 471068 0.905695 
-41 1548774290 491129 0.905688 
-43 1548774290 511153 0.905688 
-41 1548774290 531219 0.905698 
-39 1548774290 551278 0.905706 
-39 1548774290 571278 0.905684 
-41 1548774290 591327 0.905697 
-41 1548774290 611327 0.905697 
-43 1548774290 631394 0.905695 
-43 1548774290 651402 0.905691 
-47 1548774290 671466 0.905693 
-41 1548774290 691472 0.905698 
-41 1548774290 711551 0.905695 
-43 1548774290 731591 0.905697 
-39 1548774290 751616 0.905695 
-41 1548774290 771715 0.905698 
-41 1548774290 791716 0.905691 
-41 1548774290 811757 0.905696 
-43 1548774290 831771 0.905686 
-43 1548774290 851843 0.905696 
-41 1548774290 871849 0.905697 
-41 1548774290 891917 0.905690 
-41 1548774290 911938 0.905690 
-43 1548774290 931998 0.905696 
-39 1548774290 952000 0.905693 
-43 1548774290 972015 0.905693 
-43 1548774290 992102 0.905690 
-41 1548774291 12118 0.905692 
-43 1548774291 32173 0.905681 
-41 1548774291 52236 0.905690 
-43 1548774291 72278 0.905688 
-41 1548774291 92284 0.905685 
-41 1548774291 112382 0.905688 
-45 1548774291 132361 0.905688 
-41 1548774291 152405 0.905690 
-43 1548774291 172434 0.905697 
-45 1548774291 192485 0.905688 
-41 1548774291 212511 0.905684 
-43 1548774291 232548 0.905690 
-41 1548774291 252582 0.905681 
-39 1548774291 272631 0.905696 
-43 1548774291 292645 0.905692 
-41 1548774291 312679 0.905690 
-43 1548774291 332719 0.905679 
-37 1548774291 352781 0.905682 
-45 1548774291 372831 0.905688 
-41 1548774291 392833 0.905682 
-39 1548774291 412911 0.905681 
-41 1548774291 432949 0.905693 
-39 1548774291 453005 0.905681 
-43 1548774291 473039 0.905685 
-39 1548774291 493080 0.905693 
-39 1548774291 513104 0.905685 
-45 1548774291 533095 0.905684 
-37 1548774291 553157 0.905682 
-43 1548774291 573222 0.905680 
-37 1548774291 593252 0.905685 
-37 1548774291 613245 0.905691 
-43 1548774291 633299 0.905686 
-41 1548774291 653390 0.905681 
-39 1548774291 673400 0.905673 
-41 1548774291 693503 0.905687 
-39 1548774291 713502 0.905686 
-39 1548774291 733522 0.905675 
-41 1548774291 753535 0.905684 
-37 1548774291 773583 0.905691 
-47 1548774291 793620 0.905697 
-43 1548774291 813658 0.905676 
-43 1548774291 833710 0.905688 
-37 1548774291 853772 0.905686 
-41 1548774291 873796 0.905681 
-41 1548774291 893845 0.905680 
-37 1548774291 913890 0.905686 
-45 1548774291 933892 0.905687 
-43 1548774291 953967 0.905686 
-43 1548774291 973969 0.905684 
-41 1548774291 994031 0.905681 
-39 1548774292 14096 0.905680 
-39 1548774292 34134 0.905684 
-39 1548774292 54172 0.905680 
-41 1548774292 74173 0.905676 
-43 1548774292 94219 0.905693 
-39 1548774292 114278 0.905679 
-39 1548774292 134299 0.905675 
-41 1548774292 154362 0.905684 
-39 1548774292 174370 0.905682 
-41 1548774292 194404 0.905682 
-39 1548774292 214470 0.905677 
-41 1548774292 234466 0.905669 
-39 1548774292 254532 0.905676 
-39 1548774292 274542 0.905676 
-37 1548774292 294584 0.905669 
-41 1548774292 314658 0.905686 
-41 1548774292 334654 0.905675 
-39 1548774292 354704 0.905673 
-41 1548774292 374735 0.905663 
-45 1548774292 394825 0.905687 
-41 1548774292 414832 0.905677 
-43 1548774292 434852 0.905671 
-43 1548774292 454950 0.905677 
-41 1548774292 474974 0.905682 
-37 1548774292 495020 0.905669 
-37 1548774292 515039 0.905679 
-41 1548774292 535048 0.905669 
-45 1548774292 555135 0.905669 
-41 1548774292 575156 0.905675 
-41 1548774292 595211 0.905679 
-39 1548774292 615280 0.905669 
-39 1548774292 635279 0.905675 
-39 1548774292 655297 0.905675 
-45 1548774292 675331 0.905676 
-39 1548774292 695363 0.905674 
-43 1548774292 715411 0.905674 
-39 1548774292 735472 0.905667 
-41 1548774292 755533 0.905679 
-41 1548774292 775528 0.905670 
-43 1548774292 795603 0.905677 
-43 1548774292 815647 0.905668 
-37 1548774292 835635 0.905670 
-43 1548774292 855701 0.905676 
-43 1548774292 875762 0.905676 
-43 1548774292 895787 0.905676 
-43 1548774292 915841 0.905663 
-41 1548774292 935829 0.905673 
-37 1548774292 955871 0.905664 
-35 1548774292 975959 0.905671 
-37 1548774292 995983 0.905675 
-41 1548774293 15972 0.905671 
-41 1548774293 36025 0.905669 
-41 1548774293 56066 0.905676 
-35 1548774293 76098 0.905673 
-41 1548774293 96122 0.905667 
-41 1548774293 116220 0.905673 
-41 1548774293 136282 0.905671 
-39 1548774293 156301 0.905669 
-39 1548774293 176329 0.905671 
-43 1548774293 196348 0.905673 
-37 1548774293 216425 0.905668 
-37 1548774293 236451 0.905669 
-37 1548774293 256460 0.905660 
-35 1548774293 276504 0.905667 
-43 1548774293 296570 0.905671 
-41 1548774293 316589 0.905668 
-39 1548774293 336637 0.905658 
-41 1548774293 356675 0.905667 
-39 1548774293 376682 0.905667 
-35 1548774293 396767 0.905668 
-39 1548774293 416771 0.905664 
-41 1548774293 436837 0.905665 
-39 1548774293 456841 0.905660 
-41 1548774293 476904 0.905671 
-39 1548774293 496929 0.905675 
-41 1548774293 516998 0.905670 
-39 1548774293 537005 0.905660 
-39 1548774293 557022 0.905659 
-41 1548774293 577075 0.905665 
-39 1548774293 597135 0.905664 
-39 1548774293 617145 0.905671 
-39 1548774293 637240 0.905674 
-37 1548774293 657280 0.905669 
-39 1548774293 677293 0.905659 
-39 1548774293 697348 0.905664 
-39 1548774293 717348 0.905664 
-43 1548774293 737424 0.905667 
-41 1548774293 757436 0.905667 
-37 1548774293 777490 0.905671 
-43 1548774293 797514 0.905665 
-37 1548774293 817562 0.905652 
-41 1548774293 837650 0.905660 
-39 1548774293 857639 0.905670 
-39 1548774293 877690 0.905660 
-43 1548774293 897730 0.905665 
-37 1548774293 917775 0.905656 
-39 1548774293 937812 0.905668 
-39 1548774293 957813 0.905656 
-43 1548774293 977890 0.905668 
-39 1548774293 997892 0.905663 
-41 1548774294 17971 0.905660 
-43 1548774294 38018 0.905658 
-41 1548774294 58003 0.905662 
-41 1548774294 78087 0.905671 
-39 1548774294 98088 0.905660 
-43 1548774294 118126 0.905662 
-43 1548774294 138211 0.905662 
-41 1548774294 158241 0.905664 
-41 1548774294 178241 0.905669 
-39 1548774294 198283 0.905658 
-41 1548774294 218348 0.905657 
-43 1548774294 238365 0.905657 
-43 1548774294 258381 0.905667 
-41 1548774294 278471 0.905658 
-41 1548774294 298474 0.905657 
-41 1548774294 318536 0.905649 
-41 1548774294 338580 0.905667 
-41 1548774294 358585 0.905663 
-43 1548774294 378631 0.905663 
-41 1548774294 398647 0.905664 
-43 1548774294 418686 0.905658 
-37 1548774294 438726 0.905652 
-39 1548774294 458787 0.905664 
-43 1548774294 478830 0.905654 
-39 1548774294 498835 0.905648 
-37 1548774294 518881 0.905656 
-41 1548774294 538920 0.905659 
-45 1548774294 558980 0.905659 
-43 1548774294 579009 0.905663 
-43 1548774294 599075 0.905653 
-41 1548774294 619101 0.905649 
-41 1548774294 639147 0.905656 
-45 1548774294 659131 0.905653 
-43 1548774294 679229 0.905651 
-39 1548774294 699257 0.905659 
-39 1548774294 719258 0.905653 
-47 1548774294 739320 0.905659 
-41 1548774294 759345 0.905648 
-43 1548774294 779441 0.905647 
-43 1548774294 799427 0.905647 
-43 1548774294 819457 0.905653 
-39 1548774294 839515 0.905649 
-39 1548774294 859534 0.905654 
-41 1548774294 879606 0.905653 
-45 1548774294 899645 0.905656 
-41 1548774294 919677 0.905646 
-39 1548774294 939683 0.905654 
-41 1548774294 959760 0.905647 
-39 1548774294 979795 0.905652 
-39 1548774294 999841 0.905654 
-45 1548774295 19866 0.905645 
-45 1548774295 39881 0.905653 
-43 1548774295 59964 0.905653 
-39 1548774295 79949 0.905654 
-43 1548774295 99989 0.905649 
-39 1548774295 120077 0.905640 
-43 1548774295 140091 0.905654 
-45 1548774295 160154 0.905652 
-37 1548774295 180177 0.905657 
-43 1548774295 200242 0.905658 
-39 1548774295 220280 0.905647 
-41 1548774295 240258 0.905657 
-43 1548774295 260321 0.905645 
-41 1548774295 280371 0.905642 
-39 1548774295 300369 0.905654 
-45 1548774295 320413 0.905638 
-41 1548774295 340484 0.905647 
-41 1548774295 360543 0.905645 
-41 1548774295 380554 0.905651 
-41 1548774295 400620 0.905647 
-43 1548774295 420626 0.905646 
-45 1548774295 440639 0.905646 
-41 1548774295 460739 0.905641 
-39 1548774295 480726 0.905647 
-35 1548774295 500756 0.905652 
-39 1548774295 520825 0.905652 
-41 1548774295 540858 0.905635 
-41 1548774295 560928 0.905651 
-37 1548774295 580958 0.905641 
-41 1548774295 600985 0.905637 
-41 1548774295 621021 0.905649 
-37 1548774295 641032 0.905642 
-41 1548774295 661083 0.905647 
-43 1548774295 681103 0.905649 
-39 1548774295 701148 0.905642 
-39 1548774295 721241 0.905649 
-43 1548774295 741286 0.905637 
-39 1548774295 761292 0.905646 
-37 1548774295 781351 0.905640 
-39 1548774295 801347 0.905643 
-43 1548774295 821430 0.905645 
-37 1548774295 841440 0.905641 
-39 1548774295 861486 0.905641 
-41 1548774295 881549 0.905638 
-37 1548774295 901541 0.905640 
-41 1548774295 921579 0.905647 
-41 1548774295 941627 0.905641 
-39 1548774295 961683 0.905647 
-39 1548774295 981699 0.905634 
-39 1548774296 1729 0.905635 
-43 1548774296 21819 0.905637 
-41 1548774296 41806 0.905645 
-41 1548774296 61887 0.905632 
-37 1548774296 81887 0.905637 
-41 1548774296 101961 0.905635 
-39 1548774296 121968 0.905643 
-39 1548774296 142020 0.905638 
-39 1548774296 162037 0.905637 
-39 1548774296 182107 0.905643 
-39 1548774296 202104 0.905641 
-41 1548774296 222251 0.905635 
-37 1548774296 242242 0.905641 
-37 1548774296 262256 0.905643 
-39 1548774296 282299 0.905646 
-37 1548774296 302300 0.905642 
-39 1548774296 322353 0.905645 
-37 1548774296 342450 0.905636 
-35 1548774296 362432 0.905631 
-39 1548774296 382478 0.905635 
-37 1548774296 402520 0.905642 
-41 1548774296 422545 0.905638 
-43 1548774296 442603 0.905636 
-39 1548774296 462628 0.905638 
-37 1548774296 482648 0.905640 
-41 1548774296 502750 0.905627 
-39 1548774296 522744 0.905637 
-35 1548774296 542765 0.905635 
-41 1548774296 562814 0.905636 
-37 1548774296 582854 0.905629 
-37 1548774296 602868 0.905634 
-37 1548774296 622910 0.905625 
-41 1548774296 642976 0.905637 
-35 1548774296 663009 0.905647 
-39 1548774296 683069 0.905638 
-39 1548774296 703082 0.905630 
-35 1548774296 723124 0.905636 
-39 1548774296 743215 0.905618 
-39 1548774296 763226 0.905635 
-37 1548774296 783288 0.905626 
-39 1548774296 803288 0.905635 
-37 1548774296 823353 0.905626 
-39 1548774296 843343 0.905631 
-39 1548774296 863447 0.905627 
-39 1548774296 883469 0.905634 
-35 1548774296 903500 0.905635 
-37 1548774296 923488 0.905634 
-41 1548774296 943535 0.905623 
-41 1548774296 963575 0.905643 
-37 1548774296 983609 0.905632 
-35 1548774297 3659 0.905643 
-39 1548774297 23709 0.905625 
-31 1548774297 43730 0.905632 
-43 1548774297 63762 0.905630 
-35 1548774297 83815 0.905637 
-37 1548774297 103887 0.905625 
-35 1548774297 123894 0.905632 
-35 1548774297 143931 0.905621 
-41 1548774297 163951 0.905625 
-39 1548774297 184044 0.905637 
-37 1548774297 204034 0.905632 
-35 1548774297 224065 0.905627 
-41 1548774297 244106 0.905629 
-35 1548774297 264163 0.905625 
-33 1548774297 284227 0.905631 
-37 1548774297 304274 0.905627 
-37 1548774297 324307 0.905631 
-39 1548774297 344383 0.905624 
-37 1548774297 364373 0.905626 
-35 1548774297 384368 0.905632 
-39 1548774297 404441 0.905634 
-37 1548774297 424485 0.905636 
-37 1548774297 444524 0.905619 
-35 1548774297 464580 0.905631 
-43 1548774297 484604 0.905629 
-37 1548774297 504657 0.905634 
-39 1548774297 524681 0.905624 
-39 1548774297 544725 0.905631 
-37 1548774297 564757 0.905627 
-35 1548774297 584798 0.905634 
-37 1548774297 604806 0.905615 
-39 1548774297 624852 0.905635 
-37 1548774297 644921 0.905632 
-37 1548774297 664931 0.905621 
-35 1548774297 684955 0.905624 
-39 1548774297 704995 0.905621 
-35 1548774297 725041 0.905613 
-41 1548774297 745125 0.905629 
-37 1548774297 765143 0.905621 
-41 1548774297 785164 0.905621 
-33 1548774297 805225 0.905619 
-37 1548774297 825246 0.905626 
-33 1548774297 845278 0.905625 
-37 1548774297 865313 0.905626 
-35 1548774297 885348 0.905625 
-35 1548774297 905398 0.905609 
-39 1548774297 925424 0.905619 
-43 1548774297 945494 0.905625 
-37 1548774297 965516 0.905618 
-37 1548774297 985580 0.905627 
-37 1548774298 5565 0.905620 
-35 1548774298 25627 0.905624 
-37 1548774298 45637 0.905624 
-37 1548774298 65701 0.905621 
-39 1548774298 85746 0.905616 
-41 1548774298 105778 0.905621 
-37 1548774298 125823 0.905620 
-39 1548774298 145843 0.905619 
-39 1548774298 165924 0.905619 
-37 1548774298 185965 0.905626 
-37 1548774298 205994 0.905618 
-41 1548774298 225998 0.905612 
-37 1548774298 246052 0.905610 
-39 1548774298 266071 0.905625 
-37 1548774298 286140 0.905614 
-39 1548774298 306230 0.905620 
-39 1548774298 326217 0.905616 
-37 1548774298 346246 0.905621 
-35 1548774298 366303 0.905624 
-35 1548774298 386305 0.905618 
-35 1548774298 406356 0.905616 
-37 1548774298 426374 0.905616 
-37 1548774298 446445 0.905608 
-31 1548774298 466490 0.905619 
-41 1548774298 486497 0.905615 
-33 1548774298 506551 0.905612 
-37 1548774298 526587 0.905607 
-33 1548774298 546602 0.905613 
-37 1548774298 566650 0.905615 
-33 1548774298 586732 0.905625 
-37 1548774298 606730 0.905608 
-35 1548774298 626776 0.905610 
-37 1548774298 646814 0.905616 
-37 1548774298 666848 0.905615 
-41 1548774298 686901 0.905614 
-39 1548774298 706958 0.905614 
-39 1548774298 726948 0.905605 
-39 1548774298 746997 0.905614 
-33 1548774298 767062 0.905609 
-43 1548774298 787076 0.905612 
-39 1548774298 807107 0.905616 
-33 1548774298 827149 0.905614 
-39 1548774298 847249 0.905604 
-39 1548774298 867246 0.905612 
-39 1548774298 887289 0.905613 
-41 1548774298 907291 0.905608 
-37 1548774298 927347 0.905607 
-37 1548774298 947380 0.905618 
-35 1548774298 967440 0.905614 
-39 1548774298 987483 0.905620 
-39 1548774299 7515 0.905609 
-39 1548774299 27541 0.905619 
-39 1548774299 47601 0.905609 
-37 1548774299 67607 0.905614 
-39 1548774299 87675 0.905608 
-41 1548774299 107680 0.905613 
-39 1548774299 127724 0.905605 
-39 1548774299 147776 0.905609 
-41 1548774299 167798 0.905612 
-39 1548774299 187855 0.905613 
-35 1548774299 207873 0.905609 
-37 1548774299 227953 0.905613 
-33 1548774299 247971 0.905616 
-35 1548774299 268023 0.905605 
-33 1548774299 288038 0.905599 
-41 1548774299 308069 0.905608 
-39 1548774299 328108 0.905618 
-39 1548774299 348148 0.905612 
-37 1548774299 368231 0.905605 
-41 1548774299 388249 0.905607 
-37 1548774299 408298 0.905603 
-35 1548774299 428302 0.905608 
-37 1548774299 448371 0.905604 
-35 1548774299 468404 0.905602 
-35 1548774299 488421 0.905609 
-37 1548774299 508483 0.905602 
-37 1548774299 528500 0.905613 
-37 1548774299 548519 0.905602 
-33 1548774299 568593 0.905608 
-39 1548774299 588593 0.905605 
-41 1548774299 608630 0.905616 
-37 1548774299 628719 0.905592 
-33 1548774299 648750 0.905605 
-43 1548774299 668771 0.905605 
-41 1548774299 688826 0.905613 
-37 1548774299 708880 0.905598 
-37 1548774299 728898 0.905603 
-37 1548774299 748922 0.905602 
-37 1548774299 768987 0.905616 
-37 1548774299 789002 0.905602 
-39 1548774299 809048 0.905605 
-39 1548774299 829068 0.905591 
-39 1548774299 849131 0.905602 
-41 1548774299 869152 0.905608 
-39 1548774299 889247 0.905605 
-33 1548774299 909250 0.905602 
-37 1548774299 929326 0.905608 
-37 1548774299 949311 0.905598 
-35 1548774299 969340 0.905605 
-37 1548774299 989420 0.905607 
-41 1548774300 9425 0.905607 
-33 1548774300 29497 0.905597 
-39 1548774300 49505 0.905603 
-39 1548774300 69551 0.905599 
-39 1548774300 89608 0.905601 
-39 1548774300 109643 0.905590 
-39 1548774300 129691 0.905601 
-35 1548774300 149713 0.905601 
-35 1548774300 169725 0.905601 
-43 1548774300 189795 0.905593 
-37 1548774300 209833 0.905596 
-39 1548774300 229859 0.905607 
-35 1548774300 249886 0.905603 
-39 1548774300 269948 0.905602 
-35 1548774300 290003 0.905597 
-39 1548774300 310035 0.905601 
-37 1548774300 330030 0.905594 
-39 1548774300 350115 0.905607 
-31 1548774300 370196 0.905598 
-41 1548774300 390233 0.905590 
-37 1548774300 410221 0.905598 
-41 1548774300 430294 0.905596 
-41 1548774300 450294 0.905601 
-33 1548774300 470350 0.905603 
-41 1548774300 490343 0.905597 
-37 1548774300 510435 0.905592 
-39 1548774300 530438 0.905602 
-37 1548774300 550475 0.905585 
-33 1548774300 570530 0.905620 
-35 1548774300 590565 0.905586 
-37 1548774300 610586 0.905592 
-39 1548774300 630640 0.905588 
-39 1548774300 650667 0.905597 
-37 1548774300 670686 0.905612 
-41 1548774300 690741 0.905596 
-33 1548774300 710759 0.905602 
-33 1548774300 730841 0.905587 
-39 1548774300 750818 0.905593 
-35 1548774300 770861 0.905609 
-39 1548774300 790913 0.905594 
-37 1548774300 810975 0.905594 
-37 1548774300 831036 0.905585 
-39 1548774300 851029 0.905593 
-37 1548774300 871070 0.905599 
-37 1548774300 891133 0.905598 
-35 1548774300 911152 0.905590 
-37 1548774300 931180 0.905593 
-37 1548774300 951234 0.905582 
-33 1548774300 971295 0.905602 
-39 1548774300 991313 0.905593 
-35 1548774301 11416 0.905603 
-39 1548774301 31360 0.905588 
-35 1548774301 51466 0.905588 
-39 1548774301 71469 0.905591 
-39 1548774301 91492 0.905594 
-35 1548774301 111529 0.905577 
-39 1548774301 131546 0.905594 
-31 1548774301 151624 0.905593 
-37 1548774301 171620 0.905587 
-37 1548774301 191677 0.905587 
-35 1548774301 211734 0.905581 
-35 1548774301 231771 0.905594 
-35 1548774301 251803 0.905586 
-37 1548774301 271861 0.905597 
-39 1548774301 291907 0.905587 
-33 1548774301 311925 0.905593 
-37 1548774301 331965 0.905575 
-39 1548774301 352001 0.905583 
-39 1548774301 372030 0.905593 
-39 1548774301 392074 0.905577 
-35 1548774301 412082 0.905586 
-41 1548774301 432165 0.905593 
-35 1548774301 452235 0.905591 
-41 1548774301 472227 0.905583 
-35 1548774301 492295 0.905591 
-35 1548774301 512297 0.905585 
-41 1548774301 532314 0.905582 
-37 1548774301 552339 0.905590 
-41 1548774301 572381 0.905583 
-41 1548774301 592409 0.905593 
-35 1548774301 612496 0.905576 
-45 1548774301 632511 0.905588 
-37 1548774301 652530 0.905580 
-39 1548774301 672597 0.905583 
-43 1548774301 692658 0.905590 
-37 1548774301 712686 0.905591 
-39 1548774301 732726 0.905581 
-33 1548774301 752767 0.905585 
-35 1548774301 772778 0.905586 
-37 1548774301 792795 0.905591 
-35 1548774301 812876 0.905587 
-35 1548774301 832878 0.905583 
-41 1548774301 852938 0.905579 
-37 1548774301 872959 0.905585 
-35 1548774301 892987 0.905582 
-37 1548774301 913042 0.905582 
-35 1548774301 933086 0.905582 
-41 1548774301 953121 0.905575 
-37 1548774301 973164 0.905583 
-37 1548774301 993174 0.905588 
-37 1548774302 13251 0.905580 
-37 1548774302 33254 0.905585 
-37 1548774302 53309 0.905576 
-37 1548774302 73378 0.905582 
-39 1548774302 93404 0.905587 
-37 1548774302 113409 0.905586 
-43 1548774302 133477 0.905580 
-35 1548774302 153503 0.905576 
-37 1548774302 173548 0.905582 
-37 1548774302 193597 0.905580 
-31 1548774302 213602 0.905576 
-41 1548774302 233674 0.905571 
-37 1548774302 253719 0.905585 
-41 1548774302 273723 0.905577 
-43 1548774302 293771 0.905577 
-35 1548774302 313775 0.905579 
-33 1548774302 333854 0.905582 
-37 1548774302 353900 0.905579 
-37 1548774302 373913 0.905585 
-35 1548774302 393942 0.905574 
-41 1548774302 414003 0.905569 
-35 1548774302 434009 0.905585 
-35 1548774302 454104 0.905583 
-35 1548774302 474089 0.905577 
-37 1548774302 494122 0.905562 
-37 1548774302 514233 0.905573 
-39 1548774302 534187 0.905571 
-39 1548774302 554298 0.905573 
-39 1548774302 574292 0.905570 
-37 1548774302 594329 0.905577 
-37 1548774302 614359 0.905573 
-37 1548774302 634418 0.905568 
-33 1548774302 654439 0.905580 
-35 1548774302 674460 0.905574 
-37 1548774302 694546 0.905574 
-35 1548774302 714586 0.905569 
-35 1548774302 734622 0.905566 
-35 1548774302 754672 0.905576 
-39 1548774302 774683 0.905581 
-31 1548774302 794729 0.905569 
-39 1548774302 814767 0.905573 
-37 1548774302 834823 0.905571 
-37 1548774302 854837 0.905569 
-37 1548774302 874871 0.905564 
-37 1548774302 894934 0.905573 
-37 1548774302 914933 0.905569 
-41 1548774302 934955 0.905566 
-39 1548774302 955020 0.905580 
-35 1548774302 975038 0.905569 
-41 1548774302 995114 0.905575 
-37 1548774303 15129 0.905565 
-39 1548774303 35146 0.905569 
-35 1548774303 55175 0.905574 
-39 1548774303 75264 0.905571 
-33 1548774303 95297 0.905566 
-37 1548774303 115317 0.905566 
-39 1548774303 135380 0.905564 
-37 1548774303 155379 0.905568 
-37 1548774303 175461 0.905581 
-37 1548774303 195462 0.905568 
-39 1548774303 215476 0.905573 
-37 1548774303 235560 0.905576 
-39 1548774303 255555 0.905569 
-37 1548774303 275592 0.905568 
-37 1548774303 295673 0.905571 
-41 1548774303 315723 0.905559 
-39 1548774303 335731 0.905569 
-39 1548774303 355800 0.905563 
-39 1548774303 375796 0.905571 
-39 1548774303 395890 0.905569 
-37 1548774303 415860 0.905560 
-39 1548774303 435911 0.905573 
-37 1548774303 455969 0.905563 
-35 1548774303 476018 0.905568 
-37 1548774303 496009 0.905568 
-37 1548774303 516098 0.905554 
-41 1548774303 536089 0.905564 
-41 1548774303 556164 0.905565 
-41 1548774303 576238 0.905564 
-35 1548774303 596257 0.905569 
-35 1548774303 616258 0.905566 
-43 1548774303 636298 0.905560 
-39 1548774303 656360 0.905568 
-35 1548774303 676362 0.905564 
-37 1548774303 696461 0.905566 
-35 1548774303 716490 0.905562 
-43 1548774303 736506 0.905565 
-37 1548774303 756510 0.905568 
-35 1548774303 776593 0.905574 
-37 1548774303 796617 0.905551 
-37 1548774303 816676 0.905570 
-39 1548774303 836712 0.905564 
-37 1548774303 856745 0.905570 
-39 1548774303 876780 0.905568 
-37 1548774303 896818 0.905565 
-41 1548774303 916845 0.905555 
-37 1548774303 936866 0.905557 
-41 1548774303 956922 0.905552 
-35 1548774303 976980 0.905569 
-39 1548774303 997000 0.905554 
-37 1548774304 17042 0.905560 
-37 1548774304 37052 0.905568 
-39 1548774304 57147 0.905565 
-35 1548774304 77154 0.905563 
-39 1548774304 97195 0.905563 
-37 1548774304 117239 0.905558 
-39 1548774304 137301 0.905570 
-43 1548774304 157289 0.905565 
-41 1548774304 177352 0.905566 
-43 1548774304 197384 0.905554 
-39 1548774304 217439 0.905563 
-37 1548774304 237483 0.905563 
-39 1548774304 257511 0.905563 
-37 1548774304 277555 0.905553 
-43 1548774304 297594 0.905554 
-39 1548774304 317620 0.905559 
-37 1548774304 337642 0.905560 
-37 1548774304 357687 0.905552 
-37 1548774304 377709 0.905563 
-41 1548774304 397763 0.905557 
-35 1548774304 417798 0.905553 
-35 1548774304 437826 0.905563 
-41 1548774304 457865 0.905565 
-37 1548774304 477881 0.905552 
-37 1548774304 497946 0.905552 
-41 1548774304 517976 0.905553 
-39 1548774304 538024 0.905564 
-33 1548774304 558038 0.905555 
-39 1548774304 578071 0.905555 
-39 1548774304 598131 0.905552 
-37 1548774304 618164 0.905565 
-39 1548774304 638239 0.905553 
-39 1548774304 658274 0.905562 
-39 1548774304 678291 0.905553 
-39 1548774304 698320 0.905551 
-35 1548774304 718365 0.905555 
-37 1548774304 738374 0.905553 
-37 1548774304 758404 0.905552 
-39 1548774304 778463 0.905554 
-41 1548774304 798507 0.905546 
-37 1548774304 818515 0.905549 
-41 1548774304 838614 0.905551 
-43 1548774304 858621 0.905555 
-37 1548774304 878691 0.905549 
-37 1548774304 898720 0.905549 
-35 1548774304 918714 0.905547 
-37 1548774304 938800 0.905560 
-33 1548774304 958833 0.905548 
-39 1548774304 978838 0.905548 
-37 1548774304 998903 0.905547 
-37 1548774305 18956 0.905558 
-35 1548774305 38952 0.905542 
-37 1548774305 59014 0.905552 
-39 1548774305 79071 0.905549 
-39 1548774305 99104 0.905557 
-39 1548774305 119140 0.905554 
-35 1548774305 139153 0.905542 
-37 1548774305 159228 0.905541 
-37 1548774305 179290 0.905549 
-39 1548774305 199259 0.905551 
-41 1548774305 219352 0.905542 
-37 1548774305 239383 0.905555 
-37 1548774305 259383 0.905551 
-35 1548774305 279480 0.905542 
-37 1548774305 299470 0.905544 
-39 1548774305 319492 0.905547 
-39 1548774305 339552 0.905546 
-35 1548774305 359621 0.905547 
-39 1548774305 379652 0.905552 
-37 1548774305 399685 0.905543 
-37 1548774305 419719 0.905547 
-39 1548774305 439747 0.905553 
-39 1548774305 459804 0.905551 
-39 1548774305 479795 0.905549 
-39 1548774305 499835 0.905546 
-41 1548774305 519912 0.905543 
-39 1548774305 539907 0.905548 
-43 1548774305 559956 0.905541 
-41 1548774305 579984 0.905543 
-35 1548774305 600063 0.905546 
-37 1548774305 620085 0.905542 
-37 1548774305 640098 0.905544 
-41 1548774305 660189 0.905537 
-37 1548774305 680184 0.905541 
-39 1548774305 700260 0.905541 
-37 1548774305 720300 0.905549 
-37 1548774305 740318 0.905541 
-39 1548774305 760351 0.905540 
-37 1548774305 780361 0.905542 
-39 1548774305 800415 0.905540 
-41 1548774305 820493 0.905535 
-41 1548774305 840518 0.905552 
-37 1548774305 860609 0.905531 
-37 1548774305 880597 0.905535 
-39 1548774305 900618 0.905529 
-39 1548774305 920636 0.905552 
-39 1548774305 940710 0.905541 
-41 1548774305 960780 0.905547 
-43 1548774305 980796 0.905533 
-37 1548774306 802 0.905544 
-37 1548774306 20871 0.905538 
-41 1548774306 40885 0.905537 
-39 1548774306 60902 0.905541 
-45 1548774306 80962 0.905546 
-43 1548774306 101002 0.905531 
-35 1548774306 121027 0.905540 
-39 1548774306 141077 0.905531 
-39 1548774306 161141 0.905540 
-43 1548774306 181160 0.905535 
-37 1548774306 201239 0.905540 
-41 1548774306 221242 0.905536 
-39 1548774306 241261 0.905537 
-39 1548774306 261306 0.905533 
-37 1548774306 281316 0.905537 
-37 1548774306 301386 0.905541 
-39 1548774306 321412 0.905530 
-39 1548774306 341466 0.905533 
-37 1548774306 361515 0.905551 
-41 1548774306 381550 0.905540 
-39 1548774306 401572 0.905541 
-41 1548774306 421598 0.905524 
-39 1548774306 441655 0.905542 
-41 1548774306 461678 0.905524 
-43 1548774306 481704 0.905547 
-41 1548774306 501755 0.905529 
-39 1548774306 521792 0.905527 
-43 1548774306 541818 0.905532 
-41 1548774306 561880 0.905536 
-41 1548774306 581901 0.905527 
-39 1548774306 601931 0.905532 
-37 1548774306 621985 0.905538 
-37 1548774306 642027 0.905542 
-39 1548774306 662037 0.905525 
-39 1548774306 682073 0.905543 
-37 1548774306 702121 0.905533 
-41 1548774306 722180 0.905535 
-43 1548774306 742222 0.905524 
-41 1548774306 762247 0.905536 
-39 1548774306 782293 0.905536 
-37 1548774306 802323 0.905536 
-37 1548774306 822413 0.905536 
-37 1548774306 842386 0.905526 
-41 1548774306 862425 0.905521 
-41 1548774306 882503 0.905531 
-39 1548774306 902538 0.905529 
-37 1548774306 922555 0.905525 
-43 1548774306 942635 0.905526 
-39 1548774306 962657 0.905527 
-41 1548774306 982710 0.905535 
-39 1548774307 2740 0.905522 
-43 1548774307 22784 0.905530 
-41 1548774307 42794 0.905531 
-39 1548774307 62818 0.905531 
-39 1548774307 82902 0.905532 
-39 1548774307 102939 0.905530 
-33 1548774307 122975 0.905521 
-39 1548774307 143030 0.905525 
-37 1548774307 163019 0.905527 
-41 1548774307 183060 0.905535 
-39 1548774307 203118 0.905524 
-35 1548774307 223162 0.905527 
-37 1548774307 243173 0.905529 
-39 1548774307 263200 0.905525 
-39 1548774307 283261 0.905531 
-41 1548774307 303293 0.905527 
-39 1548774307 323380 0.905521 
-43 1548774307 343363 0.905532 
-37 1548774307 363437 0.905532 
-35 1548774307 383478 0.905522 
-41 1548774307 403500 0.905524 
-41 1548774307 423551 0.905526 
-41 1548774307 443567 0.905526 
-37 1548774307 463600 0.905532 
-39 1548774307 483650 0.905531 
-39 1548774307 503698 0.905522 
-33 1548774307 523740 0.905525 
-41 1548774307 543736 0.905530 
-39 1548774307 563792 0.905537 
-35 1548774307 583862 0.905526 
-35 1548774307 603871 0.905525 
-39 1548774307 623951 0.905531 
-37 1548774307 643991 0.905518 
-39 1548774307 663993 0.905522 
-41 1548774307 684016 0.905527 
-41 1548774307 704065 0.905514 
-41 1548774307 724100 0.905518 
-37 1548774307 744150 0.905526 
-39 1548774307 764198 0.905527 
-39 1548774307 784245 0.905526 
-39 1548774307 804263 0.905516 
-37 1548774307 824294 0.905526 
-37 1548774307 844315 0.905515 
-37 1548774307 864392 0.905525 
-37 1548774307 884460 0.905521 
-39 1548774307 904496 0.905531 
-41 1548774307 924495 0.905516 
-35 1548774307 944574 0.905516 
-37 1548774307 964592 0.905520 
-37 1548774307 984604 0.905521 
-41 1548774308 4632 0.905515 
-35 1548774308 24696 0.905524 
-39 1548774308 44726 0.905518 
-39 1548774308 64780 0.905525 
-37 1548774308 84794 0.905516 
-39 1548774308 104857 0.905519 
-39 1548774308 124878 0.905524 
-39 1548774308 144913 0.905518 
-41 1548774308 164994 0.905513 
-39 1548774308 185028 0.905524 
-37 1548774308 205088 0.905515 
-45 1548774308 225080 0.905520 
-43 1548774308 245140 0.905521 
-37 1548774308 265169 0.905513 
-39 1548774308 285268 0.905518 
-41 1548774308 305262 0.905527 
-39 1548774308 325314 0.905505 
-37 1548774308 345300 0.905518 
-35 1548774308 365398 0.905509 
-37 1548774308 385389 0.905522 
-37 1548774308 405447 0.905524 
-37 1548774308 425502 0.905518 
-39 1548774308 445557 0.905521 
-41 1548774308 465574 0.905514 
-41 1548774308 485625 0.905509 
-37 1548774308 505626 0.905511 
-41 1548774308 525660 0.905511 
-41 1548774308 545739 0.905519 
-43 1548774308 565764 0.905505 
-41 1548774308 585822 0.905522 
-37 1548774308 605845 0.905520 
-39 1548774308 625872 0.905525 
-39 1548774308 645938 0.905500 
-37 1548774308 665940 0.905511 
-39 1548774308 685977 0.905505 
-37 1548774308 706040 0.905519 
-37 1548774308 726077 0.905516 
-37 1548774308 746123 0.905509 
-41 1548774308 766181 0.905514 
-35 1548774308 786234 0.905518 
-43 1548774308 806246 0.905511 
-37 1548774308 826260 0.905514 
-33 1548774308 846295 0.905510 
-37 1548774308 866373 0.905513 
-33 1548774308 886370 0.905510 
-39 1548774308 906416 0.905513 
-35 1548774308 926437 0.905513 
-35 1548774308 946507 0.905510 
-39 1548774308 966512 0.905508 
-39 1548774308 986598 0.905519 
-41 1548774309 6597 0.905498 
-39 1548774309 26687 0.905509 
-39 1548774309 46675 0.905509 
-39 1548774309 66762 0.905503 
-43 1548774309 86785 0.905514 
-41 1548774309 106834 0.905513 
-39 1548774309 126873 0.905518 
-37 1548774309 146914 0.905510 
-41 1548774309 166933 0.905508 
-39 1548774309 186971 0.905505 
-39 1548774309 207001 0.905509 
-39 1548774309 227043 0.905505 
-39 1548774309 247067 0.905509 
-39 1548774309 267106 0.905503 
-41 1548774309 287188 0.905502 
-39 1548774309 307248 0.905515 
-37 1548774309 327247 0.905505 
-37 1548774309 347282 0.905509 
-39 1548774309 367298 0.905500 
-41 1548774309 387360 0.905507 
-37 1548774309 407415 0.905507 
-35 1548774309 427400 0.905502 
-37 1548774309 447479 0.905505 
-35 1548774309 467515 0.905500 
-35 1548774309 487551 0.905508 
-39 1548774309 507612 0.905502 
-39 1548774309 527655 0.905502 
-43 1548774309 547624 0.905500 
