-41 1548774419 76621 0.904386 
-35 1548774419 77833 0.903398 
-39 1548774419 97295 0.906326 
-41 1548774419 117373 0.905160 
-41 1548774419 137422 0.905568 
-39 1548774419 157479 0.905568 
-39 1548774419 177450 0.905398 
-37 1548774419 197536 0.905555 
-43 1548774419 217547 0.905469 
-39 1548774419 237602 0.905486 
-39 1548774419 257687 0.905492 
-37 1548774419 277656 0.905482 
-39 1548774419 297730 0.905487 
-41 1548774419 317717 0.905477 
-41 1548774419 337788 0.905477 
-41 1548774419 357839 0.905469 
-41 1548774419 377854 0.905483 
-41 1548774419 397912 0.905475 
-37 1548774419 417951 0.905475 
-37 1548774419 437951 0.905464 
-43 1548774419 458007 0.905469 
-39 1548774419 478041 0.905465 
-41 1548774419 498090 0.905471 
-35 1548774419 518125 0.905460 
-37 1548774419 538166 0.905464 
-35 1548774419 558194 0.905461 
-39 1548774419 578253 0.905453 
-39 1548774419 598281 0.905457 
-39 1548774419 618338 0.905448 
-39 1548774419 638356 0.905458 
-39 1548774419 658432 0.905450 
-39 1548774419 678450 0.905442 
-39 1548774419 698448 0.905436 
-41 1548774419 718500 0.905438 
-37 1548774419 738563 0.905436 
-43 1548774419 758587 0.905433 
-43 1548774419 778599 0.905432 
-43 1548774419 798684 0.905432 
-43 1548774419 818720 0.905422 
-39 1548774419 838726 0.905430 
-41 1548774419 858771 0.905427 
-45 1548774419 878821 0.905431 
-45 1548774419 898847 0.905422 
-45 1548774419 918875 0.905421 
-43 1548774419 938899 0.905421 
-43 1548774419 958951 0.905408 
-41 1548774419 978998 0.905415 
-41 1548774419 999009 0.905413 
-41 1548774420 19082 0.905411 
-43 1548774420 39109 0.905415 
-41 1548774420 59139 0.905408 
-41 1548774420 79182 0.905406 
-45 1548774420 99247 0.905403 
-43 1548774420 119259 0.905398 
-41 1548774420 139320 0.905400 
-47 1548774420 159319 0.905408 
-39 1548774420 179378 0.905385 
-41 1548774420 199430 0.905391 
-41 1548774420 219489 0.905396 
-45 1548774420 239486 0.905386 
-43 1548774420 259508 0.905393 
-43 1548774420 279562 0.905377 
-37 1548774420 299625 0.905386 
-45 1548774420 319625 0.905386 
-43 1548774420 339658 0.905380 
-41 1548774420 359706 0.905377 
-41 1548774420 379783 0.905372 
-41 1548774420 399831 0.905382 
-39 1548774420 419840 0.905369 
-39 1548774420 439840 0.905370 
-39 1548774420 459884 0.905361 
-39 1548774420 479929 0.905361 
-41 1548774420 500001 0.905359 
-41 1548774420 520013 0.905371 
-43 1548774420 540059 0.905354 
-43 1548774420 560116 0.905355 
-41 1548774420 580124 0.905354 
-39 1548774420 600185 0.905364 
-41 1548774420 620239 0.905343 
-33 1548774420 640293 0.905345 
-37 1548774420 660317 0.905341 
-39 1548774420 680352 0.905350 
-39 1548774420 700359 0.905343 
-37 1548774420 720434 0.905344 
-39 1548774420 740487 0.905339 
-35 1548774420 760506 0.905341 
-37 1548774420 780568 0.905333 
-37 1548774420 800550 0.905331 
-39 1548774420 820608 0.905317 
-41 1548774420 840669 0.905327 
-41 1548774420 860667 0.905327 
-43 1548774420 880740 0.905334 
-41 1548774420 900772 0.905323 
-37 1548774420 920806 0.905322 
-37 1548774420 940832 0.905315 
-35 1548774420 960889 0.905305 
-37 1548774420 980908 0.905334 
-39 1548774421 936 0.905302 
-37 1548774421 21012 0.905321 
-41 1548774421 41048 0.905304 
-35 1548774421 61090 0.905303 
-37 1548774421 81110 0.905317 
-35 1548774421 101136 0.905295 
-39 1548774421 121212 0.905304 
-39 1548774421 141223 0.905299 
-37 1548774421 161293 0.905305 
-37 1548774421 181296 0.905284 
-41 1548774421 201333 0.905295 
-37 1548774421 221378 0.905287 
-41 1548774421 241494 0.905288 
-37 1548774421 261483 0.905288 
-35 1548774421 281492 0.905282 
-39 1548774421 301569 0.905283 
-37 1548774421 321566 0.905278 
-37 1548774421 341627 0.905278 
-35 1548774421 361664 0.905275 
-35 1548774421 381684 0.905271 
-33 1548774421 401756 0.905271 
-35 1548774421 421771 0.905271 
-39 1548774421 441817 0.905271 
-35 1548774421 461882 0.905259 
-31 1548774421 481894 0.905275 
-33 1548774421 501957 0.905260 
-37 1548774421 521997 0.905262 
-35 1548774421 542030 0.905270 
-35 1548774421 562061 0.905253 
-29 1548774421 582114 0.905245 
-35 1548774421 602147 0.905262 
-33 1548774421 622184 0.905245 
-33 1548774421 642210 0.905242 
-35 1548774421 662257 0.905244 
-35 1548774421 682319 0.905251 
-37 1548774421 702361 0.905238 
-35 1548774421 722366 0.905245 
-35 1548774421 742435 0.905239 
-39 1548774421 762495 0.905228 
-35 1548774421 782512 0.905244 
-39 1548774421 802511 0.905234 
-39 1548774421 822549 0.905225 
-37 1548774421 842608 0.905231 
-37 1548774421 862627 0.905232 
-39 1548774421 882712 0.905226 
-39 1548774421 902740 0.905222 
-43 1548774421 922780 0.905220 
-39 1548774421 942781 0.905212 
-41 1548774421 962852 0.905222 
-39 1548774421 982876 0.905222 
-41 1548774422 2902 0.905212 
-37 1548774422 22947 0.905208 
-37 1548774422 43028 0.905208 
-39 1548774422 63059 0.905205 
-39 1548774422 83093 0.905210 
-37 1548774422 103133 0.905199 
-43 1548774422 123180 0.905194 
-39 1548774422 143189 0.905192 
-39 1548774422 163263 0.905197 
-39 1548774422 183276 0.905198 
-37 1548774422 203329 0.905195 
-39 1548774422 223377 0.905178 
-39 1548774422 243371 0.905182 
-35 1548774422 263455 0.905195 
-43 1548774422 283487 0.905184 
-39 1548774422 303502 0.905189 
-43 1548774422 323521 0.905184 
-39 1548774422 343590 0.905173 
-41 1548774422 363640 0.905177 
-37 1548774422 383643 0.905183 
-41 1548774422 403671 0.905184 
-39 1548774422 423748 0.905175 
-39 1548774422 443785 0.905166 
-41 1548774422 463813 0.905176 
-39 1548774422 483866 0.905166 
-39 1548774422 503917 0.905167 
-43 1548774422 523945 0.905166 
-39 1548774422 543954 0.905151 
-39 1548774422 563994 0.905156 
-37 1548774422 584034 0.905159 
-41 1548774422 604072 0.905155 
-43 1548774422 624152 0.905150 
-43 1548774422 644181 0.905143 
-39 1548774422 664229 0.905160 
-39 1548774422 684250 0.905139 
-39 1548774422 704266 0.905144 
-37 1548774422 724355 0.905139 
-37 1548774422 744354 0.905148 
-43 1548774422 764453 0.905143 
-41 1548774422 784456 0.905137 
-39 1548774422 804492 0.905126 
-43 1548774422 824546 0.905132 
-41 1548774422 844555 0.905131 
-35 1548774422 864628 0.905126 
-41 1548774422 884660 0.905122 
-39 1548774422 904689 0.905122 
-39 1548774422 924733 0.905115 
-41 1548774422 944749 0.905112 
-41 1548774422 964804 0.905117 
-39 1548774422 984856 0.905114 
-39 1548774423 4876 0.905109 
-37 1548774423 24937 0.905110 
-37 1548774423 44946 0.905116 
-37 1548774423 65013 0.905110 
-35 1548774423 85047 0.905103 
-39 1548774423 105084 0.905109 
-39 1548774423 125131 0.905106 
-37 1548774423 145156 0.905099 
-39 1548774423 165192 0.905090 
-37 1548774423 185245 0.905095 
-39 1548774423 205268 0.905094 
-39 1548774423 225291 0.905101 
-41 1548774423 245373 0.905094 
-33 1548774423 265383 0.905094 
-39 1548774423 285426 0.905096 
-39 1548774423 305442 0.905083 
-37 1548774423 325496 0.905082 
-37 1548774423 345582 0.905079 
-41 1548774423 365605 0.905088 
-39 1548774423 385604 0.905079 
-39 1548774423 405654 0.905071 
-35 1548774423 425682 0.905065 
-43 1548774423 445746 0.905072 
-37 1548774423 465770 0.905077 
-39 1548774423 485845 0.905065 
-39 1548774423 505884 0.905062 
-37 1548774423 525903 0.905051 
-35 1548774423 545960 0.905060 
-37 1548774423 565957 0.905050 
-41 1548774423 586000 0.905063 
-35 1548774423 606082 0.905051 
-37 1548774423 626114 0.905046 
-41 1548774423 646109 0.905046 
-39 1548774423 666188 0.905055 
-37 1548774423 686200 0.905037 
-37 1548774423 706248 0.905056 
-37 1548774423 726311 0.905048 
-39 1548774423 746312 0.905045 
-39 1548774423 766359 0.905040 
-35 1548774423 786378 0.905024 
-37 1548774423 806483 0.905033 
-39 1548774423 826508 0.905035 
-39 1548774423 846515 0.905033 
-35 1548774423 866539 0.905032 
-37 1548774423 886603 0.905011 
-37 1548774423 906631 0.905026 
-37 1548774423 926673 0.905024 
-39 1548774423 946709 0.905023 
-39 1548774423 966748 0.905013 
-43 1548774423 986795 0.905011 
-33 1548774424 6845 0.905011 
-35 1548774424 26863 0.905013 
-35 1548774424 46926 0.905007 
-35 1548774424 66922 0.905006 
-35 1548774424 86983 0.905010 
-35 1548774424 107014 0.904999 
-33 1548774424 127077 0.905004 
-35 1548774424 147099 0.904999 
-41 1548774424 167130 0.904998 
-37 1548774424 187207 0.904998 
-39 1548774424 207236 0.905000 
-35 1548774424 227280 0.904991 
-37 1548774424 247267 0.904989 
-37 1548774424 267317 0.904980 
-39 1548774424 287388 0.904993 
-35 1548774424 307440 0.904980 
-35 1548774424 327487 0.904971 
-33 1548774424 347494 0.904972 
-35 1548774424 367497 0.904977 
-37 1548774424 387568 0.904972 
-37 1548774424 407620 0.904983 
-37 1548774424 427615 0.904972 
-35 1548774424 447666 0.904963 
-35 1548774424 467725 0.904956 
-35 1548774424 487749 0.904971 
-37 1548774424 507818 0.904969 
-39 1548774424 527840 0.904960 
-35 1548774424 547837 0.904961 
-37 1548774424 567891 0.904961 
-39 1548774424 587936 0.904962 
-41 1548774424 607947 0.904958 
-37 1548774424 627995 0.904949 
-37 1548774424 648075 0.904939 
-35 1548774424 668118 0.904955 
-37 1548774424 688136 0.904943 
-41 1548774424 708199 0.904941 
-39 1548774424 728236 0.904937 
-41 1548774424 748249 0.904935 
-39 1548774424 768287 0.904939 
-37 1548774424 788297 0.904927 
-37 1548774424 808368 0.904933 
-35 1548774424 828381 0.904930 
-37 1548774424 848458 0.904937 
-35 1548774424 868497 0.904918 
-41 1548774424 888500 0.904926 
-39 1548774424 908555 0.904922 
-33 1548774424 928620 0.904933 
-35 1548774424 948603 0.904916 
-39 1548774424 968672 0.904930 
-39 1548774424 988684 0.904895 
-35 1548774425 8750 0.904907 
-39 1548774425 28768 0.904915 
-37 1548774425 48845 0.904913 
-41 1548774425 68838 0.904906 
-39 1548774425 88915 0.904902 
-41 1548774425 108923 0.904901 
-39 1548774425 128982 0.904899 
-39 1548774425 149032 0.904896 
-37 1548774425 169078 0.904901 
-39 1548774425 189123 0.904889 
-39 1548774425 209118 0.904894 
-39 1548774425 229187 0.904893 
-37 1548774425 249206 0.904897 
-37 1548774425 269250 0.904873 
-41 1548774425 289269 0.904885 
-39 1548774425 309356 0.904882 
-43 1548774425 329377 0.904884 
-45 1548774425 349458 0.904884 
-39 1548774425 369435 0.904877 
-41 1548774425 389496 0.904873 
-43 1548774425 409520 0.904872 
-37 1548774425 429578 0.904871 
-43 1548774425 449624 0.904882 
-41 1548774425 469616 0.904863 
-41 1548774425 489667 0.904860 
-45 1548774425 509735 0.904856 
-41 1548774425 529784 0.904861 
-41 1548774425 549808 0.904855 
-41 1548774425 569851 0.904865 
-45 1548774425 589849 0.904847 
-43 1548774425 609894 0.904849 
-41 1548774425 629940 0.904851 
-41 1548774425 649961 0.904856 
-41 1548774425 670009 0.904847 
-39 1548774425 690054 0.904841 
-43 1548774425 710070 0.904836 
-41 1548774425 730173 0.904834 
-43 1548774425 750191 0.904838 
-43 1548774425 770205 0.904838 
-43 1548774425 790249 0.904827 
-43 1548774425 810277 0.904827 
-41 1548774425 830340 0.904828 
-41 1548774425 850370 0.904819 
-39 1548774425 870443 0.904834 
-35 1548774425 890503 0.904825 
-37 1548774425 910497 0.904817 
-41 1548774425 930556 0.904814 
-37 1548774425 950568 0.904823 
-41 1548774425 970636 0.904816 
-41 1548774425 990636 0.904811 
-41 1548774426 10681 0.904807 
-41 1548774426 30716 0.904816 
-43 1548774426 50789 0.904801 
-37 1548774426 70811 0.904811 
-41 1548774426 90822 0.904800 
-41 1548774426 110897 0.904806 
-41 1548774426 130930 0.904807 
-39 1548774426 150931 0.904796 
-41 1548774426 171001 0.904792 
-43 1548774426 191062 0.904799 
-39 1548774426 211086 0.904796 
-39 1548774426 231090 0.904791 
-37 1548774426 251147 0.904794 
-41 1548774426 271164 0.904788 
-39 1548774426 291230 0.904781 
-45 1548774426 311291 0.904778 
-37 1548774426 331294 0.904779 
-37 1548774426 351353 0.904775 
-39 1548774426 371394 0.904771 
-35 1548774426 391464 0.904780 
-39 1548774426 411492 0.904771 
-41 1548774426 431509 0.904766 
-41 1548774426 451513 0.904761 
-37 1548774426 471575 0.904758 
-37 1548774426 491615 0.904762 
-37 1548774426 511650 0.904767 
-33 1548774426 531672 0.904763 
-37 1548774426 551716 0.904751 
-37 1548774426 571760 0.904755 
-35 1548774426 591806 0.904757 
-37 1548774426 611850 0.904752 
-37 1548774426 631908 0.904752 
-37 1548774426 651924 0.904756 
-37 1548774426 671948 0.904745 
-35 1548774426 692036 0.904735 
-39 1548774426 712073 0.904746 
-41 1548774426 732071 0.904741 
-35 1548774426 752138 0.904735 
-35 1548774426 772171 0.904744 
-39 1548774426 792184 0.904738 
-33 1548774426 812253 0.904728 
-39 1548774426 832290 0.904728 
-35 1548774426 852359 0.904719 
-37 1548774426 872380 0.904731 
-39 1548774426 892464 0.904723 
-37 1548774426 912464 0.904719 
-33 1548774426 932464 0.904718 
-39 1548774426 952520 0.904723 
-37 1548774426 972561 0.904709 
-37 1548774426 992618 0.904725 
-35 1548774427 12648 0.904712 
-35 1548774427 32676 0.904708 
-35 1548774427 52738 0.904714 
-41 1548774427 72744 0.904708 
-37 1548774427 92810 0.904711 
-33 1548774427 112834 0.904703 
-37 1548774427 132885 0.904696 
-39 1548774427 152948 0.904698 
-37 1548774427 172957 0.904694 
-39 1548774427 192984 0.904695 
-39 1548774427 213046 0.904681 
-39 1548774427 233081 0.904701 
-37 1548774427 253147 0.904690 
-41 1548774427 273169 0.904689 
-37 1548774427 293213 0.904684 
-39 1548774427 313203 0.904684 
-39 1548774427 333303 0.904677 
-37 1548774427 353331 0.904674 
-41 1548774427 373333 0.904673 
-39 1548774427 393434 0.904679 
-39 1548774427 413473 0.904669 
-33 1548774427 433499 0.904672 
-39 1548774427 453500 0.904667 
-39 1548774427 473521 0.904669 
-37 1548774427 493581 0.904667 
-37 1548774427 513622 0.904659 
-35 1548774427 533681 0.904653 
-37 1548774427 553728 0.904662 
-35 1548774427 573728 0.904655 
-37 1548774427 593810 0.904650 
-37 1548774427 613811 0.904652 
-37 1548774427 633893 0.904650 
-37 1548774427 653903 0.904644 
-41 1548774427 673967 0.904648 
-39 1548774427 693977 0.904645 
-41 1548774427 714051 0.904652 
-37 1548774427 734066 0.904644 
-41 1548774427 754110 0.904631 
-43 1548774427 774146 0.904624 
-41 1548774427 794202 0.904640 
-43 1548774427 814206 0.904635 
-39 1548774427 834239 0.904639 
-41 1548774427 854315 0.904626 
-39 1548774427 874367 0.904614 
-41 1548774427 894357 0.904629 
-39 1548774427 914425 0.904629 
-41 1548774427 934447 0.904619 
-43 1548774427 954487 0.904618 
-45 1548774427 974506 0.904611 
-41 1548774427 994638 0.904615 
-39 1548774428 14618 0.904613 
-41 1548774428 34687 0.904609 
-43 1548774428 54668 0.904609 
-43 1548774428 74733 0.904596 
-41 1548774428 94773 0.904604 
-39 1548774428 114827 0.904607 
-43 1548774428 134852 0.904609 
-41 1548774428 154888 0.904598 
-43 1548774428 174902 0.904591 
-41 1548774428 194985 0.904590 
-39 1548774428 214981 0.904597 
-39 1548774428 235039 0.904592 
-39 1548774428 255060 0.904591 
-43 1548774428 275096 0.904578 
-39 1548774428 295163 0.904584 
-37 1548774428 315197 0.904584 
-41 1548774428 335266 0.904576 
-45 1548774428 355303 0.904579 
-41 1548774428 375304 0.904572 
-41 1548774428 395376 0.904578 
-45 1548774428 415366 0.904578 
-43 1548774428 435445 0.904568 
-37 1548774428 455504 0.904562 
-39 1548774428 475523 0.904568 
-43 1548774428 495533 0.904572 
-39 1548774428 515582 0.904554 
-39 1548774428 535610 0.904563 
-39 1548774428 555663 0.904553 
-41 1548774428 575691 0.904562 
-43 1548774428 595745 0.904556 
-41 1548774428 615807 0.904561 
-41 1548774428 635851 0.904543 
-43 1548774428 655853 0.904545 
-41 1548774428 675869 0.904553 
-37 1548774428 695954 0.904548 
-39 1548774428 715970 0.904543 
-43 1548774428 736024 0.904539 
-41 1548774428 756035 0.904540 
-43 1548774428 776074 0.904545 
-41 1548774428 796142 0.904529 
-37 1548774428 816184 0.904526 
-41 1548774428 836199 0.904537 
-43 1548774428 856216 0.904529 
-41 1548774428 876287 0.904520 
-37 1548774428 896298 0.904514 
-43 1548774428 916333 0.904518 
-41 1548774428 936391 0.904514 
-39 1548774428 956439 0.904507 
-37 1548774428 976468 0.904519 
-43 1548774428 996511 0.904510 
-37 1548774429 16565 0.904509 
-39 1548774429 36580 0.904506 
-39 1548774429 56633 0.904508 
-41 1548774429 76668 0.904510 
-37 1548774429 96684 0.904512 
-39 1548774429 116726 0.904491 
-39 1548774429 136777 0.904498 
-39 1548774429 156810 0.904498 
-41 1548774429 176843 0.904514 
-37 1548774429 196891 0.904498 
-33 1548774429 216955 0.904487 
-39 1548774429 236966 0.904501 
-39 1548774429 257001 0.904496 
-39 1548774429 277035 0.904503 
-35 1548774429 297114 0.904491 
-39 1548774429 317132 0.904498 
